10 31.1692
20 33.4388
30 33.1853
40 33.4424
50 34.3677
60 32.2705
70 31.4828
80 34.0362
90 32.9308
100 32.3801
110 32.5148
120 32.8584
130 34.1128
140 32.5083
150 33.1701
160 32.2648
170 33.4144
180 32.3611
190 31.6863
200 33.0003
210 32.1548
220 32.6928
230 31.7647
240 32.517
250 33.6503
260 32.8858
270 31.4934
280 33.5706
290 33.1536
300 31.9786
310 32.8362
320 32.3482
330 33.3476
340 30.3842
350 33.6546
360 32.7359
370 32.6478
380 32.7094
390 33.3918
400 33.0606
410 33.4935
420 33.2028
430 33.5265
440 31.184
450 32.8906
460 33.0392
470 33.1141
480 31.7919
490 32.4209
500 31.8643
510 33.1948
520 32.527
530 31.8631
540 32.1344
550 32.1252
560 30.1248
570 33.0172
580 33.3766
590 33.0582
600 33.3811
610 32.407
620 32.2902
630 32.3317
640 32.9217
650 31.7444
660 32.7417
670 32.8842
680 33.4281
690 32.7623
700 33.647
710 31.662
720 32.9672
730 33.0917
740 31.4767
750 32.7759
760 31.8339
770 33.0325
780 31.9328
790 33.2778
800 31.5217
810 32.9369
820 32.4976
830 31.6297
840 33.4626
850 33.0986
860 32.2019
870 33.174
880 32.7419
890 32.856
900 32.535
910 32.9188
920 33.2843
930 32.1896
940 30.9656
950 33.1256
960 33.1144
970 33.1435
980 33.6554
990 31.8103
1000 33.3695
