4.19144
4.1764
4.16584
4.2128
4.18096
4.17448
4.2036
4.19984
4.19368
4.17384
4.16656
4.18512
4.1876
4.20432
4.20224
4.1848
4.19624
4.1936
4.1784
4.18456
4.18336
4.20528
4.2012
4.1924
4.16144
4.19408
4.19704
4.19368
4.188
4.18424
4.1592
4.16464
4.20568
4.19152
4.16184
4.20848
4.18624
4.17976
4.20728
4.19632
4.18656
4.18232
4.17448
4.19536
4.17536
4.20328
4.17216
4.19208
4.20128
4.20256
4.18752
4.16008
4.18864
4.18952
4.20512
4.20824
4.19392
4.21136
4.18232
4.19472
4.19952
4.1684
4.22008
4.18184
4.18072
4.202
4.18928
4.22296
4.16072
4.2008
4.18944
4.17488
4.19048
4.16552
4.18592
4.16704
4.1704
4.1868
4.1832
4.1984
4.19504
4.19408
4.1788
4.17296
4.17568
4.18616
4.16864
4.20416
4.15968
4.20768
4.16
4.17472
4.20432
4.18752
4.19552
4.17488
4.18568
4.18168
4.18472
4.20632
4.20512
4.1952
4.1812
4.20648
4.19728
4.18504
4.17288
4.21496
4.17336
4.21656
4.18272
4.18192
4.17728
4.19584
4.18984
4.1988
4.178
4.18824
4.18728
4.174
4.18144
4.19576
4.17904
4.19072
4.182
4.188
4.18232
4.1876
4.18984
4.20048
4.19392
4.182
4.19016
4.18008
4.21144
4.19696
4.18928
4.19336
4.19832
4.19568
4.1956
4.18648
4.16672
4.18896
4.19032
4.1944
4.17096
4.1952
4.1868
4.17824
4.1824
4.18104
4.1992
4.19552
4.1896
4.1688
4.19168
4.21344
4.21104
4.1796
4.18552
4.20344
4.18528
4.20056
4.19216
4.18416
4.18344
4.2104
4.20448
4.18496
4.16512
4.1992
4.19272
4.1808
4.19672
4.18808
4.20424
4.18272
4.19472
4.16048
4.20528
4.19848
4.2048
4.16512
4.1876
4.17
4.19936
4.15408
4.18304
4.1916
4.18816
4.21088
4.18888
4.17976
4.18344
4.18376
4.18872
4.18216
4.16104
4.19064
4.17848
4.17528
4.21488
4.19568
4.21272
4.1772
4.18664
4.17872
4.2008
4.18784
4.17904
4.17744
4.16536
4.19304
4.20344
4.16672
4.2
4.20184
4.19328
4.17824
4.19408
4.19392
4.19616
4.19288
4.18568
4.2224
4.17512
4.18832
4.17552
4.18048
4.19728
4.19248
4.17392
4.1876
4.20712
4.1828
4.19864
4.20216
4.2
4.1896
4.1772
4.16912
4.18304
4.2036
4.2092
4.20936
4.19824
4.18368
4.1964
4.18424
4.16632
4.192
4.18912
4.1828
4.20024
4.194
4.1896
4.17536
4.202
4.18576
4.17576
4.20616
4.1988
4.21424
4.1888
4.16968
4.18808
4.17224
4.18672
4.18984
4.18904
4.18616
4.18408
4.17216
4.18928
4.18168
4.1944
4.186
4.19112
4.18136
4.19136
4.18464
4.17464
4.20232
4.19944
4.21296
4.1916
4.17552
4.17784
4.18592
4.19352
4.17368
4.21232
4.19856
4.20632
4.18448
4.20152
4.17896
4.1896
4.17616
4.16808
4.19232
4.18456
4.178
4.1836
4.16064
4.19408
4.19208
4.2028
4.1928
4.19312
4.19112
4.1856
4.18216
4.18504
4.21056
4.1992
4.19048
4.19056
4.19312
4.18912
4.19
4.20608
4.20496
4.19424
4.18352
4.19384
4.19464
4.19672
4.19464
4.17152
4.19456
4.19968
4.20344
4.1496
4.208
4.19896
4.18808
4.18544
4.19904
4.17504
4.21264
4.19344
4.19776
4.19744
4.19392
4.18776
4.20016
4.18944
4.20024
4.20008
4.18632
4.18352
4.18736
4.20144
4.18024
4.19888
4.18624
4.178
4.18872
4.194
4.19416
4.16376
4.17592
4.17512
4.19824
4.19232
4.19512
4.20056
4.17512
4.18312
4.18304
4.18784
4.20432
4.19504
4.17888
4.17408
4.1644
4.19248
4.18648
4.18896
4.1884
4.17848
4.19176
4.19928
4.19288
4.20168
4.19064
4.18896
4.20416
4.18912
4.19256
4.21152
4.19784
4.20832
4.19784
4.18272
4.17936
4.16352
4.18808
4.174
4.1936
4.19904
4.17968
4.1952
4.19912
4.18984
4.19088
4.18328
4.19696
4.2
4.14984
4.19184
4.17576
4.16376
4.19824
4.1828
4.2148
4.19224
4.17672
4.20376
4.202
4.1872
4.17488
4.16872
4.1764
4.20336
4.19712
4.18008
4.1552
4.1928
4.16704
4.18576
4.18272
4.17176
4.19712
4.18848
4.20064
4.1828
4.16968
4.18472
4.19112
4.17976
4.18208
4.22128
4.19936
4.1804
4.18568
4.17528
4.1828
4.1696
4.1772
4.22168
4.15648
4.18744
4.16712
4.19032
4.2012
4.20472
4.19776
4.19728
4.18152
4.19208
4.17856
4.19544
4.212
4.2016
4.2008
4.19272
4.17256
4.19552
4.18624
4.17504
4.18912
4.18592
4.1828
4.15584
4.17888
4.19616
4.18208
4.19904
4.18152
4.16336
4.18656
4.2036
4.17184
4.18672
4.18728
4.2016
4.19872
4.19392
4.17032
4.20104
4.18256
4.17344
4.21488
4.18496
4.19848
4.17456
4.19056
4.18712
4.17688
4.2008
4.18816
4.18384
4.19624
4.17368
4.17296
4.18008
4.17144
4.19368
4.18928
4.19072
4.20832
4.19216
4.18616
4.18136
4.16424
4.188
4.18456
4.18336
4.20696
4.1848
4.18616
4.1996
4.20336
4.17512
4.18896
4.19544
4.18048
4.17728
4.18784
4.19408
4.174
4.17288
4.17712
4.1684
4.20672
4.18784
4.19304
4.17192
4.18608
4.18176
4.2012
4.17944
4.22264
4.1872
4.18776
4.18792
4.18688
4.17056
4.18336
4.16936
4.182
4.19424
4.20048
4.17424
4.1936
4.19216
4.18792
4.196
4.17664
4.18336
4.16256
4.19088
4.19128
4.17944
4.19968
4.2088
4.1936
4.21208
4.17848
4.22264
4.18296
4.18336
4.20304
4.19192
4.19224
4.192
4.19304
4.18744
4.19464
4.20552
4.184
4.19944
4.2064
4.20168
4.19
4.192
4.21136
4.18352
4.17512
4.20296
4.17992
4.20808
4.17424
4.21024
4.22104
4.17504
4.19144
4.19168
4.19616
4.1916
4.17136
4.19024
4.188
4.19448
4.17192
4.18672
4.17184
4.1884
4.1932
4.20496
4.19816
4.19432
4.194
4.21632
4.172
4.16112
4.20808
4.19992
4.20424
4.19632
4.19248
4.17608
4.20272
4.17736
4.1868
4.20544
4.18512
4.19072
4.19048
4.18968
4.20688
4.19664
4.19864
4.21728
4.18808
4.18376
4.18064
4.1844
4.17776
4.19224
4.17168
4.16336
4.19368
4.19296
4.19416
4.20432
4.20112
4.18176
4.17512
4.18456
4.18168
4.18312
4.18672
4.19512
4.1696
4.18376
4.18576
4.2092
4.16432
4.17312
4.182
4.18048
4.21776
4.17544
4.17968
4.20056
4.17768
4.17808
4.20088
4.17504
4.18984
4.18296
4.17
4.1944
4.18264
4.17912
4.1884
4.19544
4.16928
4.17232
4.18304
4.20296
4.18712
4.20368
4.20376
4.184
4.17936
4.18648
4.18984
4.178
4.20584
4.1864
4.19656
4.19056
4.18384
4.18008
4.17216
4.19784
4.19136
4.19224
4.20104
4.1856
4.19856
4.20872
4.1976
4.1784
4.18808
4.19952
4.20176
4.17112
4.20768
4.17736
4.20272
4.17928
4.17496
4.20992
4.1908
4.19448
4.17624
4.20168
4.18256
4.18064
4.17208
4.1904
4.18912
4.22296
4.20064
4.18384
4.19872
4.18128
4.1928
4.20744
4.1936
4.20616
4.16912
4.19208
4.18216
4.19312
4.18896
4.17768
4.19432
4.20624
4.17312
4.17232
4.16752
4.2108
4.204
4.19224
4.18584
4.19024
4.17096
4.1896
4.1916
4.19336
4.1736
4.18208
4.17904
4.19
4.20848
4.17552
4.17288
4.20216
4.17728
4.19224
4.17104
4.16632
4.15528
4.18752
4.18256
4.16344
4.18992
4.17976
4.18248
4.18672
4.1832
4.1936
4.1916
4.16424
4.19728
4.2132
4.19096
4.20944
4.18336
4.17232
4.20536
4.20696
4.19456
4.19232
4.19728
4.1728
4.19072
4.16664
4.19904
4.18296
4.1884
4.18488
4.19992
4.19824
4.17504
4.18208
4.20096
4.20296
4.19664
4.17712
4.1776
4.19968
4.16792
4.19592
4.19328
4.17496
4.17064
4.15072
4.17528
4.19056
4.19
4.18816
4.174
4.17144
4.17088
4.21336
4.1856
4.19256
4.18536
4.18696
4.16944
4.2036
4.19728
4.15304
4.20088
4.17712
4.18776
4.2032
4.2124
4.1716
4.18808
4.19408
4.16832
4.18936
4.17792
4.19784
4.16344
4.16688
4.18824
4.19296
4.2012
4.1692
4.18736
4.1832
4.1768
4.17176
4.19192
4.17656
4.20392
4.19248
4.20472
4.1816
4.18768
4.19344
4.1808
4.19472
4.1804
4.17136
4.15664
4.20352
4.1852
4.1656
4.19024
4.186
4.18584
4.202
4.19416
4.18024
4.19928
4.20528
4.18504
4.1788
4.17768
4.21024
4.1808
4.18416
4.18824
4.17768
4.18424
4.20984
4.186
4.19576
4.18024
4.18952
4.18048
4.18384
4.17488
4.2152
4.21336
4.18232
4.21392
4.16752
4.182
4.16096
4.18504
4.18408
4.20472
4.17928
4.19776
4.19456
4.19472
4.18768
4.20008
4.19696
4.18864
4.17456
4.20128
4.18808
4.1872
4.17752
4.18216
4.18824
4.15472
4.17584
4.20744
4.18176
4.1912
4.19952
4.17152
4.18664
4.17264
4.18976
4.18064
4.16584
4.1944
4.20528
4.18656
4.1884
4.17544
4.18888
4.1972
4.17408
4.16928
4.18272
4.21624
4.19608
4.17008
4.18816
4.1824
4.18152
4.17912
4.17408
4.20024
4.1796
4.17664
4.2112
4.1836
4.21792
4.1768
4.20288
4.2084
4.18744
4.20728
4.1884
4.2144
4.17952
4.19072
4.19672
4.18848
4.18864
4.19232
4.20504
4.21024
4.20328
4.15952
4.18016
4.20648
4.20344
4.15576
4.18144
4.18808
4.18792
4.16536
4.17336
4.18624
4.16808
4.19176
4.20368
4.19384
4.1708
4.19616
4.20248
4.18824
4.18912
4.14952
4.18864
4.19896
4.18304
4.2028
4.19776
4.1996
4.19496
4.18896
4.17216
4.19952
4.17976
4.18752
4.20528
4.19176
4.21328
4.19576
4.1884
4.18656
4.17512
4.17368
4.19592
4.176
4.22456
4.19992
4.19392
4.21496
4.18024
4.1548
4.1884
4.18648
4.19072
4.18168
4.19312
4.17736
4.19576
4.18328
4.19048
4.18328
4.18656
4.17576
4.19952
4.1852
4.19208
4.19936
4.16704
4.20312
4.17696
4.17008
4.18912
4.20784
4.18032
4.17808
4.18992
4.19536
4.19088
4.19488
4.18512
4.18696
4.19832
4.20304
4.19424
4.16312
4.20328
4.19552
4.19048
4.19376
4.19024
4.18928
4.218
4.18488
4.19128
4.18576
4.18392
4.18592
4.21168
4.1936
4.19208
4.1744
4.19336
4.19024
4.21696
4.1964
4.18632
4.17872
4.18424
4.172
4.19088
4.17056
4.18128
4.21608
4.19952
4.19624
4.18248
4.19664
4.18496
4.18376
4.17016
4.16656
4.20584
4.18328
4.18872
4.1792
4.19328
4.17752
4.19616
4.19576
4.19824
4.21648
4.18832
4.20928
4.1744
4.1944
4.20072
4.16136
4.18312
4.19928
4.19656
4.17408
4.1596
4.17592
4.19504
4.18904
4.21536
4.19528
4.1816
4.19904
4.20816
4.17872
4.17832
4.19184
4.20024
4.19032
4.17592
4.19208
4.18352
4.1892
4.19928
4.1868
4.15896
4.1944
4.19688
4.19104
4.1884
4.18304
4.20584
4.19456
4.19384
4.1804
4.18624
4.19512
4.1656
4.1756
4.18128
4.20392
4.1956
4.1848
4.18656
4.17448
4.18216
4.2
4.17008
4.1936
4.18808
4.18072
4.17888
4.17528
4.1868
4.17672
4.15864
4.20072
4.19576
4.20416
4.19216
4.18832
4.1584
4.21032
4.18672
4.15352
4.18864
4.19232
4.17184
4.19856
4.19864
4.17272
4.19944
4.16616
4.18296
4.20048
4.18752
4.21648
4.20296
4.18272
4.19032
4.19272
4.17592
4.18736
4.17968
4.16528
4.19864
4.1928
4.176
4.18248
4.19416
4.18688
4.17424
4.1724
4.19168
4.18368
4.18208
4.19184
4.20608
4.18464
4.19456
4.18656
4.16768
4.21008
4.20048
4.18976
4.182
4.1844
4.20752
4.18152
4.19432
4.19864
4.19096
4.19744
4.17848
4.18064
4.1984
4.1688
4.19832
4.17392
4.18536
4.19288
4.18072
4.18032
4.19632
4.2144
4.20048
4.17688
4.1876
4.1984
4.1532
4.20488
4.17424
4.16984
4.1996
4.18536
4.184
4.19728
4.1672
4.18224
4.20232
4.19688
4.18808
4.16912
4.16616
4.19824
4.17704
4.20896
4.18616
4.17736
4.17832
4.21328
4.18576
4.18152
4.17856
4.17736
4.21504
4.18032
4.16928
4.17904
4.18352
4.1908
4.2096
4.17184
4.19872
4.17872
4.16264
4.18296
4.19656
4.18688
4.17864
4.19056
4.21224
4.1624
4.21064
4.19736
4.20144
4.1772
4.19912
4.17856
4.204
4.21368
4.19736
4.1968
4.1776
4.19216
4.21384
4.1632
4.17904
4.19
4.198
4.2008
4.21432
4.20232
4.20712
4.19992
4.18824
4.17416
4.19952
4.16992
4.19792
4.19336
4.19016
4.18672
4.22176
4.20264
4.20264
4.18208
4.20864
4.15648
4.1868
4.18424
4.18192
4.20184
4.15504
4.18264
4.1952
4.1964
4.17232
4.20528
4.19608
4.18992
4.19288
4.20376
4.18504
4.18552
4.17416
4.2112
4.1704
4.18664
4.204
4.17656
4.20608
4.19736
4.19064
4.20192
4.19048
4.19544
4.18496
4.16848
4.17824
4.20608
4.19928
4.18912
4.18512
4.184
4.18576
4.16064
4.15456
4.18872
4.18128
4.2092
4.20208
4.18328
4.20544
4.19104
4.18288
4.17504
4.18016
4.184
4.16344
4.20168
4.18224
4.18736
4.1836
4.17664
4.2068
4.1864
4.19192
4.18856
4.20056
4.18392
4.20152
4.18336
4.2016
4.19168
4.17464
4.19272
4.1996
4.19528
4.20192
4.1968
4.19088
4.21232
4.18152
4.19456
4.18952
4.19912
4.20232
4.21104
4.1732
4.20496
4.20288
4.16672
4.2068
4.1908
4.16176
4.19752
4.16752
4.17584
4.17056
4.1892
4.17488
4.19576
4.17672
4.18184
4.18928
4.17792
4.19456
4.16928
4.18512
4.16256
4.19024
4.19904
4.18344
4.19264
4.17576
4.20168
4.18024
4.19392
4.18008
4.18552
4.1968
4.19656
4.19
4.18424
4.18928
4.16952
4.19648
4.1772
4.1696
4.1952
4.19944
4.1756
4.1752
4.18608
4.19112
4.17816
4.18744
4.20904
4.18456
4.19712
4.1924
4.18712
4.20376
4.20624
4.18024
4.19336
4.1924
4.18512
4.20152
4.17456
4.19888
4.17216
4.2008
4.1932
4.15408
4.19968
4.214
4.20408
4.18464
4.18528
4.19344
4.19936
4.15824
4.18968
4.19768
4.18984
4.2012
4.18608
4.19024
4.17992
4.18144
4.18224
4.1924
4.19552
4.18944
4.20912
4.18896
4.18992
4.1996
4.16888
4.17296
4.20936
4.18264
4.20496
4.18928
4.1628
4.1832
4.20368
4.1788
4.18744
4.19256
4.19016
4.19344
4.20216
4.1764
4.18584
4.18096
4.18464
4.19736
4.19496
4.2144
4.21352
4.17264
4.18696
4.1928
4.18432
4.1808
4.18536
4.19328
4.19264
4.1468
4.20344
4.18056
4.19168
4.17352
4.20056
4.1812
4.1932
4.18184
4.16592
4.172
4.19952
4.2168
4.20696
4.17792
4.19088
4.18728
4.19872
4.19048
4.18056
4.19512
4.22368
4.18912
4.18864
4.1776
4.17752
4.1784
4.18832
4.17616
4.19496
4.20056
4.18568
4.1988
4.17968
4.2044
4.17648
4.18008
4.20528
4.1732
4.1892
4.20944
4.18872
4.18664
4.1968
4.19224
4.20296
4.18824
4.1692
4.18584
4.17072
4.1884
4.18432
4.19664
4.17912
4.20056
4.18504
4.17128
4.19064
4.18824
4.1832
4.18744
4.18472
4.18664
4.19016
4.17072
4.17232
4.18592
4.19008
4.21024
4.19672
4.18912
4.21176
4.18192
4.17528
4.19648
4.19336
4.17208
4.19336
4.1584
4.18824
4.1528
4.16456
4.19528
4.1776
4.17224
4.21304
4.2004
4.212
4.19896
4.20368
4.16456
4.1888
4.19544
4.1632
4.17912
4.21368
4.18104
4.19664
4.18504
4.18552
4.2092
4.16808
4.19496
4.188
4.18384
4.20472
4.18752
4.19288
4.1544
4.20456
4.18344
4.19888
4.18624
4.16904
4.18832
4.192
4.20232
4.19032
4.20952
4.17296
4.1792
4.16152
4.19776
4.18048
4.19576
4.18192
4.20272
4.16992
4.17008
4.21
4.20424
4.21232
4.1828
4.18728
4.20048
4.20352
4.194
4.18984
4.19512
4.17632
4.20264
4.19664
4.19776
4.15984
4.18504
4.18848
4.18968
4.19104
4.17648
4.2248
4.21136
4.1804
4.18488
4.18568
4.18384
4.18928
4.18328
4.18704
4.19768
4.19
4.18136
4.20504
4.19832
4.16888
4.19912
4.18
4.18096
4.17888
4.16264
4.19176
4.18968
4.19456
4.20872
4.19712
4.20768
4.19232
4.19232
4.18528
4.20376
4.18728
4.18048
4.18272
4.17008
4.18192
4.19488
4.2052
4.19216
4.19776
4.18312
4.19192
4.18456
4.17632
4.18296
4.19
4.17776
4.19592
4.18512
4.19856
4.18624
4.19744
4.18136
4.20264
4.16904
4.2028
4.19576
4.18176
4.19088
4.19096
4.20256
4.17408
4.21784
4.1736
4.18792
4.18248
4.1624
4.19296
4.18752
4.17672
4.18368
4.20832
4.19088
4.17256
4.184
4.18032
4.17248
4.17936
4.2016
4.17488
4.20288
4.18144
4.19608
4.1944
4.18464
4.20576
4.1764
4.22576
4.18328
4.19896
4.1888
4.18408
4.19304
4.19176
4.18536
4.18984
4.17096
4.16536
4.1848
4.20312
4.17432
4.2072
4.1788
4.19472
4.20144
4.1816
4.19104
4.186
4.19496
4.17464
4.19088
4.20664
4.2152
4.19464
4.19016
4.1796
4.19048
4.19088
4.20056
4.1752
4.1652
4.20184
4.19904
4.19712
4.17608
4.18888
4.17312
4.21112
4.20984
4.15952
4.18264
4.198
4.1812
4.2
4.18752
4.15528
4.17896
4.21384
4.17872
4.18272
4.15672
4.21888
4.18368
4.1808
4.19304
4.18832
4.16552
4.19328
4.1772
4.18184
4.21208
4.19712
4.20112
4.1864
4.17504
4.20096
4.19344
4.1784
4.18832
4.19792
4.17904
4.19496
4.20016
4.20104
4.20424
4.20504
4.18432
4.18512
4.20632
4.20344
4.20224
4.21216
4.17664
4.19736
4.2052
4.18056
4.19152
4.1888
4.1852
4.22088
4.18448
4.18736
4.19528
4.19048
4.17984
4.17488
4.186
4.18088
4.19872
4.1912
4.20872
4.1712
4.18656
4.18528
4.17752
4.21288
4.18768
4.18848
4.2068
4.18456
4.18536
4.17168
4.2092
4.1924
4.20896
4.18888
4.1816
4.17616
4.18456
4.2112
4.17816
4.17336
4.176
4.18352
4.1908
4.18648
4.2264
4.19008
4.20656
4.1928
4.19136
4.17592
4.21784
4.17072
4.19552
4.18128
4.198
4.174
4.17544
4.19152
4.17504
4.21192
4.20728
4.18536
4.18992
4.18728
4.18656
4.19632
4.18096
4.19616
4.18496
4.18728
4.19032
4.17976
4.19432
4.17864
4.2248
4.21768
4.20816
4.19584
4.19376
4.20656
4.18936
4.1804
4.19696
4.178
4.1988
4.18448
4.19472
4.20288
4.1912
4.18912
4.20408
4.19752
4.1928
4.17728
4.208
4.19656
4.19128
4.18384
4.16296
4.17688
4.19816
4.19424
4.18296
4.20616
4.18096
4.18176
4.16696
4.19
4.18568
4.17488
4.18584
4.17736
4.192
4.19312
4.202
4.18784
4.19048
4.17224
4.20648
4.18704
4.1824
4.15632
4.17536
4.2028
4.1848
4.19008
4.18472
4.18592
4.18224
4.17568
4.19192
4.18576
4.19072
4.1808
4.1548
4.19448
4.18368
4.16888
4.17528
4.19304
4.19848
4.20648
4.17184
4.18688
4.2088
4.19144
4.17576
4.21816
4.19392
4.17768
4.1864
4.20976
4.19968
4.17936
4.16696
4.16872
4.184
4.1728
4.19368
4.15888
4.18784
4.18448
4.19104
4.20688
4.20824
4.17064
4.19192
4.17608
4.20272
4.19056
4.21192
4.18704
4.17104
4.18144
4.18144
4.19592
4.20496
4.18152
4.17352
4.1788
4.17712
4.18456
4.19152
4.1912
4.16728
4.19352
4.19576
4.19824
4.17768
4.186
4.20616
4.20896
4.19048
4.20712
4.18056
4.17928
4.19408
4.18136
4.19296
4.19256
4.16608
4.17992
4.16624
4.2124
4.17584
4.17856
4.1872
4.18072
4.19048
4.1936
4.18376
4.17472
4.19832
4.19152
4.19464
4.1876
4.19992
4.16792
4.18736
4.17856
4.1868
4.17888
4.17688
4.19144
4.18176
4.20392
4.21056
4.2028
4.1808
4.17912
4.16744
4.19096
4.21264
4.18248
4.21072
4.20808
4.19032
4.17584
4.18512
4.19424
4.18752
4.1908
4.1716
4.20512
4.17224
4.1928
4.18128
4.18392
4.18608
4.1896
4.19336
4.17568
4.2092
4.19416
4.20504
4.18824
4.20512
4.19456
4.19344
4.18856
4.21048
4.1844
4.17456
4.17808
4.19952
4.18232
4.18344
4.18536
4.1852
4.18312
4.18192
4.18464
4.2124
4.2112
4.19048
4.18136
4.17984
4.22208
4.18616
4.17848
4.18128
4.202
4.17912
4.16952
4.1836
4.17784
4.19104
4.23328
4.17
4.20872
4.18872
4.18144
4.18632
4.1864
4.17112
4.18488
4.1972
4.18568
4.16296
4.19808
4.18544
4.18208
4.19656
4.1868
4.15952
4.17264
4.19536
4.1976
4.1832
4.18968
4.20272
4.17776
4.18616
4.20664
4.1812
4.18888
4.19376
4.1808
4.20176
4.20232
4.17872
4.19696
4.20768
4.2028
4.19984
4.19208
4.1704
4.1836
4.19256
4.20128
4.17344
4.19768
4.20184
4.18464
4.19536
4.19248
4.18576
4.18608
4.19464
4.19
4.1808
4.2028
4.18984
4.17528
4.18528
4.19192
4.16736
4.18744
4.18744
4.19928
4.17624
4.1836
4.16312
4.17424
4.18224
4.20096
4.18256
4.17424
4.1888
4.17392
4.19568
4.17608
4.18584
4.18008
4.19072
4.19232
4.1864
4.20864
4.19672
4.18872
4.16864
4.19352
4.1932
4.19624
4.19232
4.20408
4.20704
4.19288
4.19032
4.17976
4.17048
4.19088
4.17912
4.18576
4.23032
4.2132
4.17072
4.18608
4.17048
4.18864
4.19392
4.22424
4.19432
4.17832
4.1792
4.16968
4.1908
4.19792
4.18872
4.1792
4.1628
4.19272
4.20968
4.1956
4.18808
4.1824
4.186
4.21048
4.18256
4.22376
4.19376
4.1824
4.20376
4.20528
4.18912
4.19256
4.176
4.18776
4.19056
4.18928
4.19248
4.18128
4.21304
4.18216
4.21256
4.19176
4.19592
4.17968
4.20104
4.1632
4.18992
4.20384
4.18312
4.18768
4.212
4.186
4.18824
4.2024
4.17968
4.19552
4.19664
4.21936
4.19144
4.19576
4.17416
4.16784
4.17928
4.18032
4.19128
4.19448
4.18448
4.19
4.18232
4.1944
4.1584
4.20168
4.16704
4.1756
4.20376
4.1936
4.19872
4.17288
4.20368
4.16728
4.18944
4.19296
4.17488
4.19816
4.16896
4.18544
4.18064
4.16592
4.17576
4.20776
4.17176
4.19344
4.18528
4.18936
4.18736
4.20152
4.1864
4.18032
4.17768
4.18616
4.18472
4.18608
4.20784
4.20824
4.19608
4.2
4.194
4.18568
4.21184
4.19112
4.17952
4.2108
4.16872
4.19528
4.20096
4.1848
4.1804
4.19848
4.18464
4.21568
4.168
4.184
4.1848
4.19168
4.19432
4.202
4.18904
4.18792
4.19528
4.1832
4.18984
4.18944
4.19152
4.16448
4.21016
4.17376
4.18176
4.21544
4.18728
4.19144
4.20104
4.18016
4.19264
4.18224
4.18936
4.1572
4.21096
4.19088
4.18968
4.18192
4.19296
4.1952
4.19376
4.18656
4.17768
4.17792
4.18848
4.17904
4.17424
4.19808
4.18608
4.19688
4.20128
4.17856
4.21328
4.19192
4.19328
4.20288
4.18424
4.1772
4.1976
4.18592
4.20184
4.18824
4.21032
4.20744
4.17736
4.1736
4.17272
4.19256
4.20736
4.20096
4.19784
4.18584
4.18256
4.20224
4.18832
4.21592
4.20328
4.2
4.17944
4.19776
4.1924
4.15928
4.19032
4.16264
4.19048
4.19432
4.20088
4.2072
4.17096
4.19776
4.19976
4.19808
4.19808
4.2064
4.1812
4.19152
4.18792
4.16344
4.1712
4.18096
4.17968
4.20168
4.17512
4.17976
4.18088
4.2036
4.17624
4.16224
4.17576
4.17368
4.20136
4.19448
4.16312
4.196
4.19072
4.19176
4.182
4.18208
4.21248
4.19432
4.18176
4.1952
4.19872
4.19632
4.20736
4.18952
4.19824
4.17864
4.19472
4.17576
4.2056
4.18072
4.16656
4.22056
4.17384
4.1724
4.17016
4.19224
4.20272
4.17376
4.18968
4.17552
4.17848
4.21856
4.18904
4.18936
4.1828
4.20496
4.1936
4.19392
4.19216
4.18928
4.1824
4.16064
4.17888
4.17072
4.2064
4.20456
4.18664
4.18024
4.20648
4.20752
4.19456
4.16584
4.2108
4.17672
4.19896
4.17616
4.18632
4.19784
4.1868
4.17928
4.172
4.18312
4.19712
4.18424
4.18592
4.19688
4.20704
4.16832
4.18648
4.18928
4.18864
4.2004
4.19712
4.20568
4.20704
4.19504
4.18056
4.20664
4.1944
4.18208
4.16824
4.1956
4.21432
4.21416
4.16776
4.17728
4.19488
4.17608
4.18712
4.16256
4.18536
4.17696
4.1936
4.19072
4.15768
4.1968
4.17216
4.19344
4.19264
4.19552
4.16072
4.18976
4.21392
4.18712
4.18168
4.178
4.17584
4.19064
4.19024
4.18824
4.16376
4.17904
4.17696
4.17672
4.19616
4.214
4.18664
4.19304
4.186
4.15528
4.18272
4.18696
4.19984
4.18104
4.18544
4.18128
4.20784
4.18456
4.17248
4.17736
4.17648
4.17416
4.18872
4.18456
4.18032
4.1636
4.1908
4.204
4.20064
4.17576
4.1884
4.2076
4.1836
4.18064
4.20784
4.17568
4.20584
4.19696
4.17896
4.20072
4.21296
4.1724
4.20016
4.18224
4.17456
4.18376
4.20216
4.15696
4.18256
4.2028
4.15568
4.21104
4.1688
4.20104
4.19248
4.15792
4.21216
4.17936
4.18376
4.1816
4.18888
4.17976
4.21056
4.18816
4.19056
4.19328
4.17208
4.19992
4.19528
4.16736
4.18504
4.18808
4.18792
4.18584
4.19144
4.19056
4.20232
4.1932
4.18944
4.17792
4.19656
4.16968
4.2052
4.206
4.19168
4.196
4.1908
4.192
4.19648
4.18048
4.19688
4.17176
4.17992
4.19768
4.17656
4.1828
4.18808
4.1928
4.19312
4.20496
4.19616
4.19008
4.18576
4.20256
4.1972
4.19864
4.17064
4.1876
4.18472
4.20072
4.18472
4.18672
4.19808
4.15
4.1828
4.17104
4.18432
4.18672
4.18384
4.19984
4.18584
4.18448
4.1872
4.18416
4.18008
4.182
4.17632
4.2044
4.17648
4.19888
4.17072
4.15128
4.21256
4.16992
4.17288
4.1948
4.1832
4.18192
4.17984
4.18168
4.14392
4.19224
4.20512
4.19072
4.1972
4.19024
4.19488
4.18968
4.20624
4.19456
4.20136
4.19032
4.17192
4.17944
4.18144
4.19016
4.19232
4.19896
4.1988
4.18696
4.19168
4.184
4.19976
4.2032
4.19832
4.1924
4.19272
4.18496
4.18208
4.16248
4.19968
4.18104
4.1848
4.20368
4.17728
4.17216
4.1704
4.18304
4.19936
4.18344
4.2064
4.21176
4.16144
4.20304
4.1932
4.18704
4.17024
4.21352
4.19848
4.20512
4.18864
4.1648
4.19336
4.18824
4.18696
4.19056
4.19272
4.18384
4.18008
4.19344
4.21176
4.18888
4.1548
4.20672
4.198
4.2
4.18368
4.18512
4.21928
4.21208
4.16216
4.19304
4.18784
4.20472
4.18112
4.21208
4.176
4.18056
4.1836
4.19936
4.20072
4.18056
4.17344
4.18688
4.17096
4.19936
4.17424
4.19416
4.20296
4.18712
4.19376
4.18704
4.18992
4.17216
4.21376
4.19104
4.20016
4.17712
4.20848
4.1856
4.17944
4.19192
4.15704
4.17424
4.19008
4.19168
4.1964
4.18856
4.19064
4.1776
4.18264
4.18744
4.19616
4.2132
4.17616
4.1784
4.18936
4.16192
4.194
4.1996
4.17472
4.18888
4.17904
4.1896
4.20984
4.16072
4.204
4.19584
4.1912
4.19696
4.17512
4.16592
4.18248
4.17976
4.18944
4.18728
4.19816
4.19256
4.19592
4.19272
4.1612
4.17504
4.19792
4.186
4.18808
4.1716
4.18368
4.19376
4.18928
4.19944
4.17712
4.18096
4.18648
4.18568
4.1864
4.20464
4.19232
4.19392
4.2004
4.17736
4.2112
4.19824
4.21408
4.19216
4.21016
4.17032
4.18976
4.19576
4.2092
4.18544
4.18728
4.15912
4.17896
4.18024
4.21024
4.18768
4.19224
4.17024
4.15976
4.18928
4.18624
4.1896
4.19008
4.20672
4.1992
4.1972
4.19456
4.20624
4.18408
4.20408
4.1732
4.2008
4.18784
4.17992
4.18776
4.1816
4.18448
4.18576
4.19816
4.15632
4.20944
4.18368
4.17744
4.21112
4.18584
4.20056
4.15904
4.18632
4.18592
4.1772
4.17456
4.18128
4.16776
4.20032
4.1812
4.19128
4.18328
4.19664
4.18528
4.17816
4.18688
4.18312
4.1704
4.18168
4.20832
4.1884
4.18256
4.18512
4.20064
4.2044
4.17776
4.208
4.19856
4.19968
4.172
4.16528
4.19696
4.20688
4.19488
4.18592
4.21728
4.19832
4.17184
4.20184
4.19552
4.19624
4.18
4.21264
4.19216
4.21088
4.18448
4.17168
4.21112
4.19512
4.18368
4.1772
4.1828
4.2
4.20368
4.17
4.18728
4.17856
4.18016
4.20056
4.17152
4.20632
4.20736
4.18784
4.2004
4.17664
4.1768
4.18344
4.20288
4.17304
4.2088
4.19128
4.20624
4.16936
4.1944
4.19264
4.18496
4.20296
4.18552
4.20088
4.1772
4.18344
4.17032
4.20936
4.19072
4.18976
4.2008
4.18296
4.19272
4.18976
4.18152
4.18576
4.20336
4.20968
4.2012
4.21384
4.17888
4.192
4.19752
4.17672
4.21216
4.19832
4.19264
4.17512
4.19856
4.16976
4.22128
4.19144
4.18704
4.20832
4.174
4.18736
4.19072
4.20504
4.21728
4.17176
4.2096
4.18688
4.19976
4.20416
4.2108
4.19152
4.196
4.20592
4.17256
4.184
4.19376
4.17704
4.16712
4.21552
4.18336
4.188
4.20288
4.21048
4.20168
4.20208
4.19168
4.1984
4.21632
4.17432
4.20224
4.18544
4.19672
4.18272
4.1956
4.1812
4.1688
4.206
4.17704
4.20072
4.19768
4.16912
4.19104
4.18376
4.1788
4.1784
4.20872
4.19208
4.18344
4.20736
4.21112
4.20144
4.21072
4.18248
4.20736
4.18464
4.17536
4.1796
4.18728
4.20904
4.20432
4.21472
4.19696
4.1752
4.18392
4.1832
4.2
4.19904
4.18016
4.18872
4.1888
4.19616
4.20952
4.20608
4.20592
4.16568
4.16832
4.1888
4.17872
4.19592
4.18096
4.19888
4.19104
4.20984
4.19632
4.19808
4.16064
4.18952
4.17984
4.222
4.1956
4.1796
4.16872
4.18336
4.18712
4.18744
4.20528
4.18
4.18224
4.1724
4.20256
4.18584
4.19656
4.18624
4.19872
4.18776
4.192
4.18368
4.18408
4.18712
4.1844
4.18672
4.1844
4.19448
4.17704
4.18824
4.19024
4.178
4.19216
4.19728
4.19168
4.19336
4.18408
4.1992
4.16632
4.1948
4.194
4.16944
4.19272
4.196
4.17856
4.20472
4.1984
4.17744
4.202
4.18128
4.18256
4.17144
4.1904
4.16672
4.19528
4.1768
4.2072
4.20176
4.19352
4.18696
4.18248
4.206
4.18
4.2096
4.2032
4.18216
4.17768
4.19936
4.18616
4.19552
4.2116
4.15624
4.1912
4.17464
4.19368
4.17016
4.17328
4.1788
4.18472
4.21296
4.1696
4.1712
4.1988
4.18816
4.16384
4.228
4.1888
4.17416
4.20768
4.18208
4.20088
4.16504
4.19408
4.18336
4.1608
4.20888
4.21048
4.18872
4.19792
4.1724
4.19192
4.19272
4.19248
4.19016
4.17784
4.20592
4.19848
4.17976
4.19088
4.19104
4.18048
4.2008
4.19712
4.1828
4.1972
4.21216
4.18864
4.20072
4.19024
4.20128
4.2088
4.18584
4.18488
4.19712
4.18808
4.19312
4.20112
4.17344
4.1972
4.19408
4.18296
4.18552
4.20864
4.18416
4.18976
4.17248
4.17536
4.19872
4.20192
4.18232
4.21776
4.19368
4.18784
4.18584
4.17648
4.18032
4.17576
4.19864
4.19656
4.18592
4.17248
4.19112
4.19216
4.19272
4.17624
4.17792
4.21624
4.218
4.18952
4.19448
4.1748
4.17928
4.18368
4.2148
4.20152
4.19416
4.1804
4.18792
4.2124
4.1696
4.20968
4.19464
4.20264
4.2156
4.1864
4.18024
4.1848
4.2028
4.1944
4.19872
4.18024
4.18216
4.19736
4.22232
4.17888
4.18496
4.17304
4.19864
4.1868
4.18392
4.19264
4.18648
4.19448
4.18608
4.16912
4.19528
4.19176
4.18384
4.202
4.1964
4.1728
4.17128
4.18632
4.18528
4.19576
4.1952
4.18576
4.16456
4.16824
4.19224
4.20832
4.18928
4.1708
4.18792
4.16608
4.19776
4.19776
4.17496
4.20016
4.1912
4.16648
4.212
4.18776
4.1804
4.21584
4.20144
4.18128
4.1832
4.17696
4.18464
4.1868
4.19064
4.1936
4.18744
4.18656
4.18024
4.19936
4.19936
4.17664
4.19272
4.21264
4.1756
4.18888
4.19912
4.1952
4.18536
4.1764
4.19744
4.17672
4.1996
4.18744
4.1792
4.18128
4.16816
4.20584
4.17352
4.18232
4.1856
4.1876
4.21888
4.1804
4.18288
4.18608
4.17816
4.18304
4.17032
4.21064
4.16264
4.18288
4.18064
4.17176
4.17632
4.18792
4.17264
4.18992
4.19264
4.1864
4.19952
4.21248
4.18776
4.188
4.20408
4.17128
4.1864
4.19568
4.19712
4.1828
4.18808
4.19384
4.1876
4.18064
4.18776
4.18624
4.16136
4.19544
4.18832
4.20504
4.17352
4.21656
4.18128
4.20344
4.1748
4.20032
4.18768
4.19152
4.194
4.19576
4.17952
4.1832
4.19792
4.17144
4.19496
4.18152
4.19664
4.18728
4.17856
4.18192
4.20656
4.19112
4.20864
4.17544
4.21344
4.18008
4.19544
4.2156
4.17584
4.2012
4.19576
4.18048
4.18512
4.19728
4.21248
4.22176
4.18464
4.18864
4.20536
4.17056
4.1736
4.17536
4.202
4.17744
4.17752
4.16904
4.19512
4.18976
4.18608
4.1844
4.17112
4.1848
4.1828
4.19672
4.18328
4.20288
4.17816
4.18816
4.198
4.19776
4.21392
4.1732
4.1788
4.19936
4.17264
4.19152
4.18512
4.19064
4.1868
4.19136
4.17264
4.1964
4.19784
4.1952
4.2096
4.17288
4.19288
4.17592
4.18696
4.18128
4.19312
4.20208
4.17968
4.1888
4.21136
4.18368
4.1952
4.17928
4.1904
4.18152
4.18712
4.17776
4.18424
4.18464
4.184
4.16288
4.19592
4.17728
4.19008
4.17928
4.18064
4.17688
4.19496
4.18112
4.2068
4.18448
4.1936
4.18688
4.20664
4.184
4.18616
4.1952
4.17696
4.18496
4.17352
4.1836
4.18384
4.1984
4.1772
4.21824
4.17656
4.20616
4.19968
4.1804
4.17024
4.1884
4.17224
4.18536
4.16672
4.20456
4.19496
4.18656
4.18336
4.18696
4.17688
4.20184
4.18312
4.18808
4.22312
4.20144
4.18776
4.19096
4.19688
4.18088
4.19048
4.19816
4.19168
4.16728
4.18888
4.1716
4.1808
4.18824
4.1872
4.19008
4.18736
4.21256
4.19152
4.17144
4.21384
4.18744
4.18168
4.1932
4.1964
4.18352
4.1704
4.18848
4.20912
4.18864
4.1952
4.19568
4.184
4.1812
4.19216
4.19808
4.17592
4.16456
4.19104
4.186
4.19784
4.18352
4.20048
4.19096
4.2004
4.19088
4.16024
4.18496
4.2108
4.19048
4.18104
4.1896
4.18808
4.18896
4.2016
4.19976
4.20632
4.19432
4.19728
4.18216
4.174
4.20152
4.19736
4.1668
4.20352
4.19704
4.20216
4.2
4.17752
4.19232
4.19256
4.16248
4.18432
4.17856
4.18
4.1764
4.18832
4.18416
4.18384
4.19472
4.18824
4.19744
4.18736
4.19584
4.19016
4.19632
4.19376
4.19632
4.18584
4.1832
4.17144
4.20056
4.20456
4.18184
4.21064
4.21192
4.18664
4.19536
4.18288
4.17912
4.1884
4.17024
4.15904
4.17832
4.19928
4.18184
4.20976
4.20112
4.16376
4.1896
4.18208
4.19856
4.18712
4.194
4.1964
4.20504
4.19776
4.19632
4.186
4.18184
4.1856
4.1952
4.18504
4.19616
4.19056
4.16096
4.18
4.17584
4.18728
4.18608
4.16992
4.19088
4.21376
4.18536
4.18432
4.19544
4.18896
4.17544
4.19496
4.21472
4.19416
4.17904
4.17944
4.1792
4.19768
4.20448
4.18104
4.20392
4.19464
4.16472
4.21144
4.15544
4.19176
4.1772
4.17176
4.2128
4.16336
4.19232
4.21136
4.18688
4.1928
4.1872
4.19032
4.20176
4.19376
4.18176
4.17704
4.1828
4.20408
4.18896
4.20488
4.19168
4.19448
4.21392
4.1812
4.21656
4.18
4.17528
4.1828
4.18256
4.1972
4.1876
4.18368
4.18352
4.1832
4.21392
4.18504
4.19992
4.17704
4.1888
4.18216
4.17072
4.18528
4.18112
4.19728
4.16584
4.1932
4.18792
4.15744
4.20496
4.20216
4.17528
4.16736
4.17216
4.17232
4.17784
4.19952
4.1832
4.17856
4.17144
4.1848
4.16008
4.17768
4.182
4.15864
4.18104
4.18672
4.18464
4.1688
4.19856
4.16872
4.15856
4.21336
4.20064
4.17344
4.18328
4.18824
4.17496
4.19096
4.1896
4.19984
4.18272
4.18216
4.17816
4.17616
4.18864
4.19784
4.1964
4.19048
4.18368
4.18304
4.16304
4.17904
4.20672
4.17224
4.17136
4.19536
4.18376
4.17864
4.18832
4.1844
4.19496
4.1868
4.18336
4.1764
4.19768
4.1872
4.1908
4.19632
4.19168
4.17904
4.18152
4.18712
4.18568
4.17264
4.17616
4.19728
4.17608
4.1828
4.18032
4.17096
4.18464
4.1684
4.17176
4.16312
4.19848
4.17888
4.18528
4.18576
4.19848
4.2004
4.20496
4.17536
4.1884
4.18536
4.20416
4.1948
4.20416
4.17272
4.21408
4.20152
4.20096
4.18552
4.19552
4.18552
4.20192
4.19176
4.18144
4.18816
4.18656
4.19552
4.19128
4.20032
4.20488
4.17176
4.1712
4.206
4.19264
4.20392
4.21872
4.20768
4.19888
4.20784
4.1904
4.20424
4.18536
4.18928
4.19392
4.2032
4.1888
4.1844
4.17544
4.1996
4.19152
4.21104
4.19176
4.17984
4.18768
4.21016
4.18088
4.18592
4.19176
4.1948
4.18944
4.18656
4.16344
4.17928
4.18712
4.18992
4.19312
4.18176
4.1748
4.19368
4.19312
4.2064
4.19152
4.18056
4.19656
4.16912
4.1788
4.20264
4.17496
4.17888
4.18368
4.17912
4.19592
4.19816
4.20992
4.17264
4.17808
4.196
4.18024
4.18552
4.19688
4.1884
4.16888
4.17408
4.1636
4.2044
4.19568
4.17728
4.18128
4.1908
4.17976
4.20424
4.19776
4.15952
4.19616
4.19576
4.16928
4.19072
4.20208
4.19808
4.19112
4.18432
4.19384
4.1892
4.17
4.18728
4.1884
4.16176
4.18536
4.18392
4.18216
4.20168
4.17696
4.17816
4.19776
4.18184
4.18072
4.19952
4.19896
4.16536
4.19792
4.17904
4.18424
4.15712
4.18056
4.1936
4.17616
4.20624
4.17504
4.1904
4.18128
4.18704
4.1836
4.19984
4.18552
4.19144
4.19696
4.19136
4.21
4.19032
4.20032
4.17976
4.18288
4.18824
4.17848
4.19544
4.17808
4.19176
4.19184
4.16528
4.2004
4.16984
4.19344
4.19064
4.18968
4.1912
4.16872
4.19384
4.17688
4.19176
4.17896
4.21568
4.20784
4.21096
4.1956
4.19112
4.19672
4.1948
4.18416
4.17672
4.17056
4.1912
4.17872
4.20064
4.18488
4.1848
4.1716
4.19384
4.19904
4.20008
4.19064
4.19072
4.18632
4.17448
4.19112
4.19144
4.20352
4.17008
4.16968
4.19464
4.21064
4.18352
4.18816
4.17984
4.19288
4.20784
4.18544
4.2124
4.17848
4.20648
4.17448
4.17568
4.17792
4.20712
4.19608
4.20128
4.20064
4.1908
4.2184
4.1836
4.19336
4.20864
4.17616
4.20144
4.19384
4.2004
4.198
4.18864
4.18184
4.1792
4.19736
4.17472
4.19608
4.18728
4.19928
4.19848
4.17432
4.1708
4.17072
4.21504
4.2
4.17656
4.19408
4.16384
4.17864
4.18808
4.18
4.19688
4.18728
4.19048
4.18608
4.18448
4.18864
4.21144
4.1828
4.19664
4.17768
4.17872
4.19816
4.19512
4.17352
4.18576
4.21024
4.17904
4.18296
4.19912
4.1676
4.18528
4.1896
4.17648
4.18344
4.17176
4.19656
4.18624
4.19456
4.17888
4.1772
4.19776
4.2004
4.19504
4.17584
4.19368
4.1708
4.20056
4.1924
4.2052
4.19416
4.18464
4.19152
4.19776
4.20272
4.19072
4.184
4.20008
4.18912
4.2012
4.19296
4.18248
4.19184
4.18112
4.198
4.18312
4.20408
4.188
4.18568
4.2072
4.19264
4.17272
4.19296
4.2092
4.20264
4.20456
4.19128
4.19696
4.20488
4.19752
4.17368
4.18416
4.1888
4.188
4.19296
4.18704
4.18752
4.19568
4.16608
4.18392
4.19128
4.1808
4.19736
4.19264
4.18616
4.19544
4.19824
4.17976
4.20672
4.1912
4.19048
4.17632
4.21272
4.19408
4.19344
4.17992
4.1924
4.17752
4.19984
4.18656
4.1768
4.17928
4.18864
4.18904
4.1848
4.17256
4.18272
4.20632
4.18416
4.20064
4.1844
4.1996
4.18456
4.2004
4.2108
4.20096
4.21336
4.1988
4.18664
4.2016
4.20992
4.1788
4.1808
4.18328
4.188
4.18832
4.20144
4.19672
4.19984
4.19024
4.19184
4.18352
4.16064
4.19744
4.18656
4.17768
4.176
4.17968
4.21112
4.18608
4.19632
4.16616
4.18
4.19456
4.18784
4.1804
4.18008
4.18216
4.21408
4.20496
4.19328
4.19144
4.18104
4.1924
4.1916
4.18976
4.19528
4.18992
4.1764
4.20952
4.18096
4.1864
4.19184
4.18808
4.17744
4.2032
4.19824
4.1752
4.17752
4.18488
4.20752
4.20096
4.18408
4.20768
4.20472
4.17848
4.21064
4.17312
4.1828
4.18856
4.16264
4.198
4.19784
4.21056
4.2016
4.17088
4.19448
4.21208
4.17384
4.19752
4.1956
4.1804
4.2108
4.17584
4.17256
4.17928
4.19176
4.20432
4.17664
4.18032
4.19296
4.1856
4.18504
4.16736
4.19624
4.1764
4.1772
4.20096
4.188
4.17528
4.17952
4.2068
4.172
4.19752
4.17912
4.18656
4.17504
4.1812
4.2028
4.19768
4.17232
4.19152
4.18088
4.19272
4.17768
4.20552
4.18624
4.18376
4.16568
4.1964
4.18904
4.1848
4.20216
4.19384
4.1892
4.20208
4.17768
4.18344
4.17768
4.20232
4.17448
4.19712
4.18528
4.19008
4.1836
4.17928
4.19048
4.20568
4.18624
4.17696
4.19184
4.20656
4.18216
4.19648
4.19608
4.18296
4.20664
4.19144
4.19496
4.17856
4.17248
4.18336
4.16904
4.20088
4.1724
4.19248
4.17888
4.2092
4.17008
4.1996
4.18656
4.17664
4.1884
4.1956
4.19736
4.22072
4.21088
4.16984
4.19528
4.1728
4.17632
4.18752
4.19008
4.1864
4.18312
4.18888
4.2204
4.19432
4.1884
4.17656
4.19064
4.19056
4.1972
4.18352
4.20504
4.2044
4.19352
4.18608
4.19816
4.1952
4.18712
4.18976
4.21088
4.1968
4.16104
4.196
4.19456
4.21456
4.18144
4.19536
4.17056
4.16128
4.20184
4.21
4.1848
4.20624
4.19944
4.18136
4.2132
4.21536
4.19824
4.17984
4.20088
4.1688
4.20248
4.1664
4.20128
4.2096
4.18536
4.16776
4.17912
4.20176
4.19776
4.1748
4.20496
4.1912
4.20624
4.2092
4.19624
4.19152
4.17808
4.19368
4.18648
4.1724
4.18976
4.164
4.18992
4.19232
4.18008
4.19672
4.1672
4.17312
4.1904
4.19288
4.17328
4.22104
4.18608
4.204
4.19696
4.20952
4.21056
4.18176
4.20968
4.18384
4.17936
4.18552
4.20512
4.18656
4.19488
4.18848
4.17544
4.18712
4.18176
4.1976
4.168
4.20544
4.17792
4.18512
4.188
4.19104
4.18928
4.19872
4.1788
4.20096
4.17616
4.18744
4.17888
4.19936
4.18696
4.18408
4.16776
4.18552
4.19296
4.1996
4.16632
4.1876
4.19336
4.19472
4.1932
4.1928
4.1776
4.19336
4.18496
4.17952
4.1892
4.17744
4.17664
4.19664
4.20432
4.19128
4.19312
4.18088
4.17488
4.20488
4.17168
4.19256
4.21208
4.20456
4.19792
4.17904
4.19976
4.1856
4.15824
4.20904
4.20104
4.1972
4.18072
4.16864
4.18096
4.2036
4.17776
4.2068
4.18928
4.18168
4.21792
4.19256
4.19872
4.1972
4.19992
4.20384
4.18616
4.19552
4.19312
4.17768
4.16856
4.19944
4.17624
4.16032
4.22128
4.1784
4.19384
4.20088
4.1936
4.172
4.19192
4.18528
4.16864
4.1924
4.17512
4.16584
4.2
4.18976
4.19424
4.18744
4.21072
4.19456
4.19456
4.19536
4.17688
4.20184
4.17448
4.18528
4.18488
4.1808
4.1912
4.19056
4.17896
4.18944
4.20112
4.1532
4.19032
4.18368
4.20032
4.18504
4.15328
4.19528
4.18472
4.18904
4.20056
4.18696
4.18584
4.18888
4.1916
4.20272
4.18192
4.17976
4.2132
4.1748
4.20424
4.19032
4.18168
4.19224
4.20608
4.18144
4.17936
4.18976
4.20664
4.176
4.20024
4.21784
4.18176
4.17888
4.176
4.1992
4.19328
4.19304
4.18088
4.1892
4.19512
4.20072
4.20072
4.17824
4.17488
4.18424
4.17704
4.18
4.1768
4.20576
4.1856
4.17464
4.19456
4.17512
4.18096
4.1812
4.18592
4.18576
4.20432
4.21528
4.18104
4.18544
4.1924
4.20904
4.19272
4.18832
4.1788
4.1944
4.18264
4.21152
4.19968
4.18968
4.1772
4.18632
4.1824
4.18112
4.1916
4.18304
4.2
4.17992
4.18808
4.1896
4.21176
4.1972
4.1944
4.19048
4.19752
4.17216
4.16592
4.1864
4.20568
4.19688
4.18128
4.1844
4.1848
4.16424
4.17136
4.18464
4.17384
4.20568
4.17896
4.19016
4.18896
4.17816
4.19568
4.18976
4.21288
4.18128
4.20768
4.18752
4.1852
4.19416
4.1716
4.22792
4.18288
4.18928
4.18664
4.2012
4.1956
4.19408
4.1976
4.19664
4.19712
4.15752
4.20608
4.18168
4.1976
4.18096
4.18968
4.1872
4.17296
4.16248
4.20536
4.20592
4.17848
4.18224
4.19256
4.20328
4.17608
4.18008
4.20864
4.19264
4.19792
4.1916
4.1908
4.16832
4.20632
4.18392
4.18344
4.19936
4.17936
4.1864
4.21968
4.1848
4.20408
4.18896
4.18872
4.19048
4.18664
4.1828
4.17608
4.15136
4.184
4.18656
4.18456
4.18528
4.18336
4.18688
4.19472
4.1852
4.17672
4.16816
4.19312
4.16064
4.17672
4.18624
4.19472
4.20584
4.19064
4.16952
4.17256
4.21792
4.1812
4.19064
4.192
4.1752
4.18792
4.1832
4.20872
4.1892
4.19688
4.17816
4.19192
4.1936
4.17816
4.21144
4.18608
4.22216
4.1832
4.17968
4.20976
4.17688
4.19416
4.20544
4.20032
4.19096
4.1852
4.20168
4.22104
4.18536
4.1812
4.17368
4.17456
4.1912
4.20456
4.20056
4.20856
4.17248
4.21624
4.18736
4.18888
4.19192
4.18288
4.1808
4.19928
4.18624
4.16936
4.18664
4.18664
4.1904
4.2108
4.17376
4.18552
4.17896
4.19032
4.18224
4.19856
4.19304
4.20176
4.19744
4.2032
4.18776
4.19048
4.18912
4.17512
4.18152
4.17768
4.19352
4.20728
4.18272
4.18016
4.22184
4.18776
4.1868
4.16768
4.17376
4.16488
4.1972
4.19024
4.18368
4.18192
4.20272
4.16864
4.19208
4.1708
4.19344
4.21608
4.18904
4.206
4.19168
4.16808
4.18064
4.18752
4.19064
4.17424
4.17864
4.18568
4.19176
4.17448
4.176
4.18744
4.19712
4.19152
4.1964
4.2088
4.16712
4.18784
4.1692
4.19656
4.19384
4.19456
4.19648
4.2028
4.1852
4.21024
4.17704
4.19096
4.17192
4.176
4.19544
4.1944
4.1764
4.20048
4.18536
4.19776
4.18312
4.19672
4.19016
4.18392
4.19872
4.15016
4.21416
4.20576
4.1668
4.19904
4.20976
4.19344
4.1924
4.17032
4.19176
4.19136
4.214
4.192
4.20552
4.19688
4.16864
4.18624
4.18936
4.19
4.20424
4.19128
4.18032
4.19368
4.19072
4.17312
4.18704
4.202
4.18608
4.18328
4.16536
4.19056
4.15648
4.18912
4.19528
4.18472
4.20128
4.18056
4.20432
4.17912
4.20672
4.21712
4.19072
4.20512
4.20512
4.17152
4.18904
4.1724
4.19112
4.17472
4.1976
4.18168
4.20848
4.19616
4.18608
4.21088
4.18024
4.1984
4.17808
4.19568
4.20312
4.18696
4.18512
4.19224
4.2064
4.1916
4.19872
4.18784
4.18288
4.1812
4.1652
4.168
4.1532
4.19216
4.18632
4.18296
4.18728
4.19016
4.19224
4.17504
4.18488
4.19656
4.18888
4.206
4.1828
4.21096
4.20808
4.17144
4.1928
4.18824
4.17544
4.18912
4.19904
4.19888
4.17512
4.18896
4.18024
4.21344
4.1632
4.20584
4.19728
4.17904
4.20296
4.1872
4.20032
4.18896
4.18104
4.16632
4.17528
4.19408
4.18312
4.1952
4.17912
4.17264
4.20128
4.1908
4.1888
4.20992
4.1896
4.20144
4.19296
4.19528
4.18648
4.18656
4.21272
4.18
4.18328
4.19728
4.16792
4.18144
4.18488
4.20128
4.17904
4.18208
4.16288
4.20168
4.19216
4.15456
4.17776
4.16936
4.1836
4.17488
4.20184
4.1852
4.18
4.19824
4.1768
4.18032
4.19448
4.18472
4.18624
4.20008
4.20336
4.1856
4.18104
4.1952
4.19928
4.19592
4.22224
4.1764
4.19032
4.18184
4.20208
4.21008
4.18272
4.18112
4.20304
4.18048
4.21104
4.1988
4.20592
4.20216
4.21752
4.21304
4.1876
4.20664
4.17808
4.1692
4.194
4.17256
4.17632
4.19536
4.19472
4.17832
4.18888
4.18184
4.18424
4.20688
4.18032
4.19312
4.1944
4.20424
4.17824
4.1728
4.18288
4.19984
4.17584
4.172
4.17664
4.19864
4.2032
4.20264
4.1892
4.19232
4.15496
4.17416
4.18816
4.17608
4.17848
4.19216
4.20384
4.1676
4.1916
4.18968
4.17808
4.20752
4.16232
4.19368
4.1808
4.202
4.19168
4.16928
4.2044
4.18504
4.20488
4.17824
4.18424
4.18464
4.17504
4.1856
4.21656
4.17704
4.18608
4.18744
4.18128
4.18128
4.19064
4.21328
4.18272
4.188
4.20416
4.19864
4.19152
4.17584
4.1848
4.184
4.19016
4.18608
4.1792
4.17512
4.22264
4.1856
4.18848
4.18328
4.17552
4.17128
4.18776
4.18392
4.20072
4.19248
4.2104
4.18944
4.20288
4.19896
4.17504
4.178
4.1692
4.20584
4.18528
4.18456
4.16864
4.1716
4.18456
4.18336
4.18376
4.168
4.18928
4.1684
4.16744
4.19232
4.19168
4.20168
4.20184
4.19624
4.20824
4.18056
4.20704
4.166
4.19672
4.18336
4.2016
4.17792
4.21296
4.18648
4.17384
4.21184
4.19192
4.18536
4.19208
4.18248
4.1992
4.17968
4.20104
4.19024
4.17512
4.196
4.18088
4.18408
4.2092
4.1932
4.19496
4.18952
4.19264
4.17144
4.16896
4.1692
4.2192
4.17096
4.1956
4.17712
4.1864
4.18272
4.21168
4.196
4.21984
4.19616
4.20824
4.1768
4.18344
4.17024
4.18904
4.19864
4.16896
4.17328
4.2104
4.16568
4.18632
4.17936
4.19112
4.17816
4.2052
4.19056
4.18376
4.20792
4.1836
4.18872
4.17416
4.19216
4.17648
4.19112
4.20744
4.1992
4.20272
4.1656
4.18384
4.17688
4.19592
4.19744
4.21
4.20008
4.18896
4.17712
4.19408
4.19056
4.18064
4.174
4.19624
4.17568
4.19072
4.19272
4.192
4.17448
4.21336
4.18568
4.17496
4.19432
4.17912
4.19352
4.18504
4.1892
4.17952
4.18832
4.19184
4.1836
4.19976
4.19608
4.17896
4.1736
4.16744
4.17848
4.1692
4.18912
4.20176
4.16888
4.178
4.16952
4.19296
4.21048
4.188
4.16648
4.19536
4.18024
4.19584
4.20408
4.19496
4.19864
4.19696
4.2108
4.18168
4.18616
4.2012
4.19064
4.2092
4.19272
4.19216
4.2008
4.19384
4.16168
4.19552
4.19096
4.19968
4.19216
4.17376
4.19488
4.21256
4.17776
4.17792
4.18624
4.19544
4.18528
4.19616
4.18656
4.16408
4.18728
4.19
4.19696
4.17256
4.19192
4.1864
4.16984
4.19
4.16968
4.21328
4.20576
4.21088
4.22608
4.19432
4.20648
4.18608
4.2028
4.16272
4.16896
4.18192
4.19456
4.17728
4.19336
4.1908
4.20456
4.19712
4.20104
4.18264
4.18632
4.19048
4.18872
4.17184
4.17944
4.1948
4.17776
4.19232
4.20448
4.21856
4.18488
4.17872
4.20384
4.19848
4.21256
4.19056
4.19112
4.19192
4.19488
4.18672
4.208
4.1788
4.18216
4.18344
4.1844
4.18896
4.19328
4.18496
4.1812
4.18104
4.16648
4.20192
4.18008
4.1748
4.19216
4.20528
4.1988
4.17536
4.1888
4.18896
4.2132
4.184
4.19576
4.18856
4.16248
4.19032
4.1952
4.20248
4.18016
4.19112
4.19096
4.20608
4.19336
4.1968
4.16632
4.16
4.2056
4.18944
4.18128
4.17504
4.17328
4.18184
4.15952
4.17952
4.2104
4.1988
4.19264
4.18176
4.18608
4.1876
4.16808
4.17456
4.18344
4.18008
4.19672
4.19528
4.18224
4.2004
4.18264
4.19256
4.19512
4.18768
4.17416
4.19568
4.19496
4.17696
4.19928
4.17872
4.19288
4.19864
4.17728
4.1888
4.1892
4.17008
4.16792
4.21448
4.18512
4.18472
4.20648
4.20304
4.2016
4.20416
4.1924
4.19896
4.19368
4.18896
4.17536
4.21592
4.18912
4.18912
4.16632
4.17192
4.19664
4.18376
4.20016
4.19352
4.17408
4.20864
4.17816
4.17928
4.19568
4.17864
4.18056
4.1872
4.17176
4.17752
4.1808
4.16728
4.16424
4.16872
4.20976
4.184
4.1984
4.17112
4.1884
4.20176
4.19752
4.19496
4.17488
4.16408
4.18568
4.19064
4.1812
4.19704
4.19088
4.18736
4.1864
4.15056
4.19824
4.19336
4.176
4.17144
4.19848
4.19712
4.17664
4.18248
4.1752
4.20456
4.20688
4.17736
4.18768
4.18624
4.18584
4.1864
4.18392
4.20336
4.16296
4.17904
4.19336
4.19856
4.17848
4.17768
4.16536
4.18928
4.1884
4.19944
4.21448
4.1948
4.17968
4.18848
4.16248
4.21816
4.16488
4.202
4.20792
4.19288
4.18688
4.16192
4.19712
4.20336
4.1856
4.20448
4.18704
4.19072
4.19344
4.19192
4.18296
4.17824
4.19816
4.2
4.19384
4.1896
4.19424
4.17448
4.18752
4.17848
4.18304
4.20448
4.19224
4.21656
4.19296
4.18296
4.20896
4.19464
4.19528
4.16
4.17328
4.17824
4.19088
4.19336
4.20096
4.18896
4.17632
4.17816
4.19248
4.18656
4.178
4.19144
4.2064
4.1868
4.1716
4.19192
4.17792
4.17496
4.1932
4.19568
4.18488
4.19312
4.19176
4.18816
4.18176
4.16408
4.18656
4.16352
4.18712
4.16336
4.21248
4.19256
4.19008
4.20456
4.17424
4.22304
4.20112
4.17072
4.1784
4.17568
4.18248
4.17776
4.18688
4.20064
4.19696
4.19464
4.19696
4.20456
4.2012
4.1948
4.18784
4.174
4.1804
4.20632
4.18256
4.1816
4.19304
4.18872
4.16688
4.19544
4.1744
4.17672
4.1752
4.18528
4.19864
4.1608
4.17976
4.2036
4.1856
4.20256
4.19208
4.17744
4.2008
4.18336
4.20544
4.19992
4.17832
4.17208
4.20736
4.18312
4.20664
4.18256
4.19648
4.20592
4.19248
4.19832
4.20272
4.19184
4.18936
4.1868
4.19416
4.2012
4.20344
4.20344
4.19272
4.17176
4.17424
4.186
4.16432
4.18192
4.18968
4.1868
4.16736
4.19472
4.18152
4.19752
4.19376
4.1776
4.18944
4.18632
4.19808
4.18632
4.19104
4.17424
4.16592
4.18584
4.19184
4.18208
4.2068
4.1916
4.18784
4.18
4.16304
4.18648
4.19256
4.20344
4.176
4.20432
4.18936
4.17568
4.21128
4.2024
4.17336
4.17872
4.18592
4.20416
4.19304
4.20456
4.18456
4.20592
4.17336
4.2092
4.1696
4.1752
4.19856
4.17912
4.18064
4.19808
4.2048
4.18232
4.17264
4.18448
4.17016
4.1836
4.19688
4.17952
4.18872
4.20056
4.19216
4.17336
4.19264
4.19936
4.19032
4.19848
4.18728
4.1964
4.19664
4.1872
4.19712
4.19992
4.18272
4.19056
4.16872
4.19616
4.20008
4.20672
4.1944
4.18488
4.19344
4.19568
4.17048
4.21448
4.21168
4.17616
4.18368
4.20944
4.16816
4.17544
4.1964
4.19528
4.18696
4.18904
4.18872
4.19512
4.15664
4.19632
4.18944
4.18408
4.1744
4.1852
4.18168
4.19848
4.1816
4.1984
4.20824
4.21024
4.18176
4.18584
4.18528
4.19528
4.18736
4.17856
4.1868
4.20128
4.18496
4.17752
4.18888
4.17664
4.1664
4.20672
4.19008
4.17216
4.18736
4.20456
4.17752
4.192
4.17968
4.18464
4.18512
4.17624
4.2036
4.1896
4.18376
4.17672
4.18328
4.19728
4.19568
4.1848
4.184
4.18248
4.20152
4.1756
4.18864
4.17248
4.18912
4.17312
4.172
4.17688
4.1968
4.20008
4.19216
4.18872
4.18024
4.18648
4.19744
4.17976
4.1972
4.2076
4.17888
4.18712
4.20096
4.19088
4.17632
4.20248
4.19352
4.20128
4.18104
4.18664
4.17496
4.1964
4.19488
4.16584
4.18664
4.17056
4.16336
4.18888
4.17648
4.1832
4.17752
4.18424
4.17832
4.19456
4.21984
4.20384
4.22568
4.18072
4.18224
4.20616
4.16784
4.1712
4.18896
4.18696
4.18
4.18448
4.20552
4.18896
4.19848
4.20448
4.18952
4.1892
4.18672
4.19392
4.20384
4.19296
4.2008
4.16224
4.20616
4.17728
4.18536
4.18768
4.19112
4.19672
4.17856
4.18088
4.19688
4.174
4.18704
4.19112
4.18984
4.18512
4.20616
4.19024
4.18112
4.18768
4.18488
4.18688
4.21648
4.21616
4.1872
4.17136
4.18784
4.16496
4.18024
4.1884
4.17944
4.19456
4.19592
4.18544
4.19216
4.20448
4.18992
4.15912
4.18448
4.18904
4.17992
4.19456
4.19656
4.1884
4.20136
4.20328
4.17312
4.17128
4.17512
4.19536
4.17432
4.19032
4.2128
4.1924
4.20096
4.20328
4.22288
4.18392
4.18088
4.18864
4.20328
4.20216
4.19
4.18024
4.20888
4.15664
4.1768
4.19056
4.19272
4.17944
4.19832
4.18824
4.18288
4.20488
4.17312
4.19264
4.16688
4.20872
4.17952
4.18528
4.20888
4.20728
4.18856
4.18048
4.2132
4.19168
4.18232
4.19408
4.17192
4.21464
4.16592
4.15728
4.18552
4.1708
4.21272
4.17696
4.1696
4.20064
4.20496
4.18848
4.18168
4.19304
4.17104
4.18208
4.17496
4.19032
4.1672
4.20152
4.18416
4.17816
4.2004
4.19792
4.17968
4.1772
4.18648
4.1944
4.18336
4.17952
4.17888
4.18704
4.19672
4.18032
4.17656
4.19824
4.18456
4.17048
4.18752
4.1812
4.19896
4.16928
4.19032
4.1696
4.19216
4.19808
4.19552
4.19256
4.18336
4.1952
4.1936
4.19248
4.18272
4.20912
4.18976
4.18904
4.18528
4.19096
4.18328
4.19304
4.17744
4.17856
4.19088
4.188
4.18704
4.20432
4.19648
4.17936
4.16488
4.19536
4.17984
4.18416
4.19696
4.1644
4.19776
4.19952
4.19152
4.17472
4.17968
4.19264
4.18416
4.18704
4.1928
4.18408
4.18328
4.18
4.19032
4.18352
4.18768
4.17392
4.18856
4.18936
4.1776
4.21376
4.21328
4.18392
4.17848
4.18568
4.18312
4.19632
4.1688
4.18016
4.18296
4.19904
4.20072
4.1916
4.20752
4.19464
4.20008
4.17568
4.21296
4.18816
4.19624
4.2012
4.17632
4.188
4.19304
4.18648
4.19496
4.20576
4.19064
4.19088
4.21256
4.1964
4.17304
4.19272
4.19856
4.18768
4.18744
4.17648
4.1996
4.17984
4.19064
4.1968
4.18688
4.17336
4.19728
4.19112
4.20016
4.19552
4.17672
4.17632
4.19344
4.19088
4.18176
4.186
4.188
4.18856
4.17504
4.17376
4.20376
4.19552
4.20648
4.20304
4.18416
4.20312
4.19136
4.17392
4.18656
4.1896
4.18608
4.1936
4.20456
4.17984
4.17648
4.20456
4.19856
4.17272
4.16144
4.16744
4.18616
4.19736
4.20736
4.19672
4.19224
4.19592
4.19464
4.1688
4.18912
4.19424
4.18352
4.18256
4.18976
4.19344
4.20144
4.18832
4.16952
4.19016
4.21344
4.2056
4.206
4.18424
4.21008
4.19952
4.21072
4.19592
4.19736
4.18992
4.18992
4.19712
4.17936
4.16624
4.1928
4.1904
4.17912
4.18424
4.16528
4.17568
4.17888
4.18448
4.19984
4.19928
4.19056
4.19064
4.18232
4.20208
4.17992
4.17432
4.18608
4.18104
4.17496
4.19096
4.20896
4.182
4.17808
4.18968
4.22088
4.2012
4.19896
4.1888
4.18384
4.18688
4.19768
4.20208
4.17432
4.18672
4.17432
4.18568
4.19744
4.18568
4.20328
4.182
4.20536
4.19448
4.20664
4.1772
4.18568
4.18992
4.1972
4.19648
4.20192
4.18576
4.20248
4.19488
4.18424
4.19176
4.20984
4.1908
4.17864
4.21032
4.19584
4.17664
4.1996
4.1792
4.19616
4.21656
4.21312
4.18712
4.19424
4.19232
4.19
4.1948
4.16936
4.18704
4.1872
4.20584
4.1924
4.21248
4.19744
4.2012
4.18952
4.18672
4.18352
4.202
4.19624
4.1688
4.19448
4.18496
4.19904
4.18816
4.16856
4.19224
4.18184
4.19856
4.18712
4.20552
4.184
4.18008
4.19048
4.20024
4.21056
4.17304
4.20112
4.20496
4.18048
4.17928
4.18968
4.17128
4.17872
4.17416
4.16744
4.18872
4.19656
4.21192
4.23816
4.19368
4.20024
4.20352
4.19064
4.17344
4.16816
4.19992
4.20008
4.17896
4.18776
4.18568
4.192
4.17592
4.1828
4.17496
4.1672
4.17648
4.1724
4.17832
4.1732
4.19368
4.19896
4.19424
4.19784
4.1948
4.1964
4.20616
4.1828
4.18488
4.19528
4.22104
4.1732
4.20888
4.18248
4.18464
4.19712
4.18024
4.16744
4.18008
4.17392
4.16296
4.19128
4.1932
4.16968
4.16408
4.21712
4.19832
4.19384
4.17528
4.16464
4.19016
4.19472
4.182
4.2004
4.20992
4.20104
4.20552
4.18112
4.19656
4.19968
4.18392
4.20016
4.1652
4.18984
4.19272
4.17328
4.17288
4.20704
4.20336
4.16808
4.18736
4.19224
4.18232
4.20488
4.18704
4.19696
4.17912
4.19176
4.1672
4.15992
4.19104
4.18728
4.19032
4.16392
4.19576
4.20704
4.2116
4.19416
4.18304
4.18592
4.18072
4.19072
4.18792
4.17968
4.18792
4.16704
4.18824
4.19904
4.18768
4.18808
4.20104
4.19296
4.17976
4.18176
4.17832
4.1796
4.19872
4.18312
4.17104
4.18288
4.19824
4.19744
4.1856
4.178
4.18168
4.17704
4.20352
4.19872
4.21016
4.21008
4.21576
4.15456
4.19392
4.1872
4.1776
4.19424
4.18176
4.19296
4.19256
4.2
4.1868
4.204
4.18624
4.1744
4.17592
4.18552
4.18928
4.182
4.212
4.18984
4.18424
4.18136
4.1844
4.19408
4.1648
4.19472
4.18648
4.19288
4.18936
4.192
4.16944
4.17816
4.1804
4.19888
4.20192
4.17424
4.17496
4.19744
4.18176
4.17048
4.19264
4.1772
4.17848
4.20832
4.18984
4.17136
4.21936
4.21136
4.17944
4.18656
4.1748
4.1948
4.17864
4.17624
4.18096
4.18912
4.1792
4.18416
4.18
4.19496
4.19488
4.17192
4.20104
4.1832
4.19008
4.18504
4.2012
4.19264
4.20376
4.15792
4.19056
4.18976
4.19664
4.18712
4.16624
4.19616
4.208
4.18216
4.19432
4.1788
4.1864
4.18008
4.19928
4.18744
4.17744
4.21336
4.1956
4.17424
4.17488
4.19224
4.18352
4.18584
4.19336
4.19232
4.17184
4.17096
4.18808
4.1876
4.17816
4.1876
4.18
4.19824
4.17064
4.16632
4.19416
4.17888
4.20584
4.18192
4.16736
4.18624
4.202
4.1824
4.16968
4.19448
4.20168
4.18928
4.19056
4.18296
4.19648
4.17864
4.16816
4.18688
4.19712
4.17344
4.16448
4.18456
4.198
4.17312
4.17832
4.21512
4.20504
4.18304
4.17632
4.16504
4.18136
4.17296
4.19592
4.1604
4.18704
4.1796
4.1828
4.18192
4.18544
4.20152
4.18192
4.1992
4.19832
4.18912
4.16832
4.17064
4.19752
4.1656
4.17656
4.18552
4.1944
4.16592
4.17688
4.19256
4.1776
4.18552
4.18776
4.19
4.1908
4.20512
4.17704
4.204
4.18712
4.18352
4.19072
4.18032
4.20352
4.19064
4.1956
4.17792
4.1672
4.1784
4.2172
4.18912
4.19976
4.20424
4.16976
4.19392
4.19464
4.1856
4.18744
4.19216
4.17568
4.2184
4.19056
4.19848
4.18328
4.20104
4.1696
4.19504
4.1848
4.1912
4.18096
4.18592
4.17208
4.2052
4.17752
4.15008
4.17592
4.20288
4.19816
4.20208
4.18208
4.15736
4.1796
4.21224
4.20856
4.1788
4.19056
4.21272
4.17696
4.19248
4.18824
4.19464
4.1708
4.1904
4.18008
4.21384
4.18552
4.2044
4.18456
4.20632
4.18728
4.19792
4.19232
4.18488
4.19264
4.19744
4.18552
4.17488
4.18008
4.18816
4.21872
4.18632
4.17208
4.16952
4.18752
4.20312
4.18696
4.18728
4.18384
4.17192
4.20336
4.19576
4.1932
4.20384
4.1896
4.1868
4.17216
4.19832
4.1928
4.19296
4.1844
4.18656
4.17808
4.17568
4.18296
4.22576
4.19096
4.20296
4.19144
4.174
4.18744
4.17968
4.19248
4.18216
4.18048
4.19744
4.18168
4.16512
4.19304
4.19376
4.19448
4.16464
4.19248
4.20728
4.17424
4.1996
4.20384
4.19392
4.18536
4.17696
4.17776
4.18256
4.1944
4.18672
4.18032
4.18408
4.19656
4.19736
4.19472
4.174
4.218
4.20016
4.19648
4.20432
4.19104
4.18024
4.1812
4.19496
4.18528
4.1892
4.20464
4.20408
4.1724
4.1968
4.19216
4.18808
4.18832
4.19792
4.18408
4.20352
4.17576
4.19304
4.19256
4.17488
4.17632
4.17448
4.15952
4.18472
4.19368
4.20352
4.17928
4.2028
4.18296
4.2032
4.19496
4.1784
4.19216
4.19128
4.20008
4.1832
4.19024
4.17496
4.19488
4.17592
4.18648
4.19872
4.1952
4.21936
4.21072
4.19208
4.18376
4.19904
4.18496
4.20352
4.17688
4.17128
4.19424
4.19144
4.1956
4.18744
4.20744
4.17808
4.1644
4.17064
4.17944
4.20424
4.18248
4.18552
4.16256
4.19112
4.19744
4.19048
4.16176
4.19304
4.21072
4.18456
4.17656
4.2004
4.18064
4.19072
4.19704
4.20984
4.18648
4.17952
4.17864
4.18496
4.19496
4.19648
4.1608
4.1708
4.18416
4.15912
4.1924
4.20856
4.18552
4.21408
4.2112
4.20664
4.19344
4.19104
4.19888
4.2028
4.19048
4.18736
4.18032
4.16544
4.1964
4.20576
4.18192
4.1856
4.184
4.21008
4.19008
4.20848
4.1852
4.16656
4.18744
4.17568
4.19288
4.18936
4.18856
4.1668
4.1976
4.17416
4.18424
4.17488
4.1848
4.188
4.17344
4.20328
4.17464
4.22064
4.20336
4.20864
4.18768
4.2084
4.18624
4.17336
4.18768
4.18168
4.17168
4.19704
4.19432
4.17104
4.17192
4.15608
4.18496
4.1824
4.18272
4.17288
4.1912
4.17872
4.20216
4.18248
4.1716
4.20504
4.19176
4.18576
4.20144
4.20408
4.18096
4.18032
4.194
4.21256
4.18176
4.17856
4.19144
4.19256
4.18936
4.2064
4.16392
4.1872
4.19448
4.20904
4.19456
4.17712
4.19848
4.18488
4.16208
4.18528
4.1968
4.18048
4.18192
4.21656
4.20448
4.18128
4.20928
4.20512
4.19352
4.2096
4.2084
4.18112
4.19144
4.18336
4.1912
4.18504
4.18168
4.20032
4.18976
4.1876
4.18576
4.18064
4.18648
4.18712
4.188
4.15872
4.19504
4.19984
4.20312
4.17416
4.19312
4.19016
4.17496
4.18232
4.19696
4.20464
4.19864
4.18896
4.18384
4.18336
4.20784
4.18784
4.19856
4.17816
4.19128
4.19896
4.1884
4.19048
4.19856
4.1916
4.17464
4.19176
4.18272
4.18088
4.18672
4.1932
4.19712
4.1956
4.1996
4.17704
4.18744
4.19952
4.1756
4.19416
4.19784
4.16496
4.1884
4.18576
4.19512
4.1712
4.19304
4.19304
4.1912
4.20312
4.18624
4.17896
4.1984
4.18032
4.18224
4.17504
4.1952
4.1772
4.17096
4.20408
4.20384
4.208
4.20448
4.19344
4.20192
4.18936
4.16144
4.18816
4.184
4.20328
4.21016
4.20984
4.17704
4.20976
4.20568
4.19648
4.2004
4.15816
4.17728
4.19712
4.18488
4.1864
4.16896
4.20048
4.16912
4.168
4.18664
4.21048
4.20112
4.18488
4.1776
4.1828
4.18936
4.18816
4.19272
4.1996
4.20144
4.17512
4.18232
4.17392
4.2028
4.1932
4.19504
4.17984
4.20608
4.18824
4.17304
4.1708
4.172
4.18352
4.18896
4.18992
4.2176
4.18968
4.20272
4.19248
4.19552
4.18736
4.18728
4.18504
4.20032
4.20944
4.18488
4.188
4.1788
4.1852
4.19048
4.20576
4.186
4.19256
4.192
4.17584
4.1604
4.19808
4.19432
4.17632
4.16936
4.17696
4.20872
4.18896
4.17384
4.16072
4.19664
4.2028
4.19232
4.1812
4.20144
4.1748
4.17936
4.19032
4.1812
4.16648
4.18704
4.18808
4.20632
4.18512
4.20464
4.20608
4.15848
4.2012
4.18904
4.17488
4.2008
4.19704
4.20512
4.18856
4.1876
4.19816
4.20328
4.17584
4.17424
4.20296
4.18624
4.20136
4.18072
4.19248
4.18984
4.19392
4.17544
4.20008
4.19296
4.19432
4.19016
4.2048
4.19672
4.18768
4.18832
4.19224
4.17256
4.20432
4.16088
4.16704
4.1568
4.18704
4.19152
4.182
4.18632
4.17056
4.18664
4.19632
4.18448
4.20824
4.19384
4.20608
4.19472
4.18744
4.19696
4.19432
4.18944
4.19592
4.16632
4.1876
4.1912
4.19704
4.21768
4.1816
4.19144
4.19272
4.19856
4.16488
4.19192
4.18472
4.17072
4.2156
4.18512
4.1868
4.1812
4.19816
4.208
4.1824
4.182
4.21168
4.18
4.18672
4.17096
4.1904
4.17624
4.18016
4.21896
4.18904
4.19864
4.15976
4.17472
4.19432
4.17512
4.19104
4.17648
4.17664
4.19392
4.1968
4.17648
4.1952
4.19072
4.18152
4.20416
4.16152
4.19096
4.18104
4.17952
4.18608
4.188
4.18576
4.20464
4.18912
4.19152
4.19992
4.19144
4.17984
4.17744
4.17984
4.18688
4.19392
4.19408
4.18352
4.17104
4.18648
4.19616
4.174
4.17576
4.18656
4.19336
4.1848
4.20344
4.17912
4.17792
4.17544
4.18728
4.20296
4.19904
4.18688
4.17264
4.18912
4.16656
4.18688
4.19376
4.18944
4.1832
4.18472
4.17288
4.17752
4.1984
4.17552
4.1936
4.18992
4.20824
4.19888
4.18768
4.15872
4.20976
4.1892
4.21176
4.18824
4.2092
4.18952
4.18136
4.176
4.19984
4.1856
4.19328
4.20104
4.1992
4.17744
4.18976
4.19224
4.20048
4.19832
4.18464
4.19024
4.1968
4.19952
4.17832
4.19656
4.19592
4.1944
4.20152
4.18272
4.18744
4.18704
4.19872
4.17312
4.17976
4.20248
4.20672
4.194
4.1672
4.20104
4.18896
4.18008
4.18552
4.18376
4.2068
4.1792
4.1952
4.18024
4.19096
4.18144
4.1832
4.1732
4.19104
4.2016
4.19864
4.18184
4.18952
4.19464
4.18496
4.1684
4.18768
4.19424
4.1984
4.172
4.20984
4.17736
4.18968
4.1792
4.18976
4.20248
4.1652
4.20888
4.19832
4.21064
4.18264
4.18632
4.18584
4.18824
4.21648
4.18744
4.17144
4.19224
4.18984
4.18336
4.196
4.19896
4.20488
4.18896
4.18136
4.19128
4.1736
4.19176
4.18264
4.18992
4.19112
4.16704
4.1692
4.19072
4.198
4.19456
4.17144
4.18496
4.17368
4.19192
4.19864
4.1908
4.1884
4.20472
4.19296
4.18336
4.18688
4.184
4.19192
4.18184
4.19408
4.1952
4.18416
4.1728
4.18416
4.16336
4.18576
4.20336
4.1928
4.20104
4.18472
4.20088
4.20608
4.1832
4.17936
4.18936
4.192
4.20344
4.17864
4.21104
4.20144
4.20568
4.19584
4.19536
4.19136
4.17552
4.19632
4.17984
4.17672
4.16952
4.18808
4.19808
4.19592
4.19144
4.18512
4.18888
4.19336
4.18216
4.19528
4.19144
4.206
4.20584
4.20872
4.188
4.18464
4.18864
4.1964
4.16584
4.19384
4.202
4.19704
4.19296
4.17704
4.1908
4.20128
4.18944
4.17632
4.17872
4.18832
4.1796
4.19792
4.19712
4.20328
4.21584
4.214
4.20632
4.18296
4.17776
4.2036
4.1768
4.18544
4.21472
4.17776
4.2012
4.19824
4.17944
4.19944
4.20144
4.18704
4.1992
4.176
4.20872
4.21016
4.18672
4.1984
4.18288
4.16872
4.20288
4.18784
4.19504
4.17272
4.17392
4.16688
4.16648
4.18624
4.17384
4.16224
4.18176
4.20576
4.18536
4.18296
4.20704
4.17528
4.18488
4.17216
4.19472
4.18976
4.19992
4.1712
4.16768
4.18512
4.17656
4.17088
4.17376
4.1996
4.1948
4.19584
4.17472
4.19336
4.20008
4.19632
4.20296
4.18664
4.18776
4.19128
4.19176
4.18832
4.18248
4.19888
4.18872
4.21408
4.21304
4.19184
4.19336
4.18328
4.17816
4.192
4.17848
4.17096
4.19328
4.18752
4.18272
4.1876
4.1736
4.17872
4.19472
4.18704
4.22064
4.20376
4.2004
4.17832
4.18248
4.18624
4.16096
4.20408
4.19816
4.18184
4.16736
4.20216
4.17168
4.18488
4.20424
4.19352
4.18888
4.17344
4.21104
4.19352
4.21472
4.1952
4.17336
4.16712
4.17744
4.1896
4.21352
4.17592
4.19584
4.20552
4.17
4.21352
4.18176
4.1864
4.2016
4.1744
4.20136
4.16816
4.1984
4.1756
4.18224
4.20544
4.16184
4.1716
4.20952
4.18416
4.18368
4.17872
4.19304
4.19648
4.2032
4.1988
4.19424
4.18208
4.19408
4.19648
4.1908
4.17808
4.18144
4.17728
4.17768
4.19856
4.18736
4.20472
4.18528
4.1692
4.19016
4.18304
4.18024
4.208
4.18728
4.16712
4.20176
4.18496
4.19632
4.19544
4.17904
4.16968
4.19072
4.1844
4.17104
4.19176
4.18528
4.1908
4.18768
4.16256
4.18888
4.18336
4.18816
4.17656
4.19824
4.19496
4.20096
4.17008
4.20568
4.20448
4.19384
4.18048
4.17432
4.18344
4.19088
4.20632
4.19856
4.21256
4.19032
4.2
4.20144
4.18448
4.1892
4.18464
4.18392
4.18672
4.21672
4.19016
4.17656
4.19224
4.19048
4.1708
4.19584
4.18944
4.18904
4.1668
4.18384
4.17488
4.17936
4.18008
4.16792
4.19088
4.17128
4.18792
4.18712
4.18368
4.172
4.19424
4.19384
4.18568
4.18984
4.17888
4.19776
4.18784
4.18616
4.186
4.1916
4.19568
4.18304
4.18464
4.18416
4.20328
4.1948
4.19104
4.17168
4.19104
4.17968
4.19448
4.19488
4.20392
4.1848
4.19208
4.19944
4.17312
4.16128
4.19184
4.17856
4.2036
4.19568
4.19552
4.1872
4.17928
4.20592
4.21328
4.2036
4.18184
4.18208
4.19872
4.1972
4.19696
4.194
4.17648
4.1896
4.19104
4.22
4.17824
4.19608
4.19552
4.18776
4.20184
4.19176
4.19296
4.18784
4.18712
4.1824
4.18664
4.19464
4.18848
4.19208
4.19512
4.19424
4.20296
4.19392
4.18904
4.18992
4.19008
4.19928
4.19648
4.1856
4.18648
4.20592
4.18048
4.19984
4.16248
4.19488
4.19232
4.19464
4.19776
4.178
4.17856
4.1764
4.1824
4.19448
4.19072
4.19936
4.18568
4.19624
4.18776
4.18136
4.19352
4.17952
4.18784
4.19824
4.19416
4.19584
4.18872
4.17848
4.18176
4.19824
4.20736
4.18456
4.20096
4.20168
4.22304
4.20528
4.1744
4.18056
4.19896
4.17592
4.2136
4.1792
4.1848
4.19456
4.21352
4.1856
4.17136
4.18968
4.18808
4.20384
4.20624
4.1816
4.18288
4.18928
4.1956
4.18032
4.1748
4.15528
4.19064
4.17376
4.2012
4.18552
4.18816
4.17792
4.18856
4.1916
4.17136
4.2132
4.19536
4.19448
4.19928
4.19944
4.1968
4.18392
4.20704
4.1968
4.18808
4.19744
4.18152
4.18824
4.19968
4.186
4.17184
4.19688
4.18176
4.16192
4.19648
4.17248
4.18296
4.20304
4.1896
4.19872
4.17608
4.19992
4.18872
4.19264
4.20136
4.14592
4.18512
4.17664
4.19912
4.19024
4.17576
4.19128
4.19512
4.1944
4.17576
4.19648
4.19752
4.18088
4.2044
4.18344
4.17568
4.18024
4.1852
4.19376
4.18408
4.19888
4.16696
4.21456
4.17792
4.1956
4.19192
4.18384
4.21208
4.17032
4.1732
4.17424
4.20624
4.19272
4.18904
4.16688
4.1852
4.1956
4.214
4.17304
4.15864
4.18312
4.19832
4.17432
4.18928
4.21608
4.17872
4.18952
4.18512
4.17904
4.19656
4.17776
4.17168
4.17528
4.178
4.16456
4.1912
4.1984
4.18936
4.17048
4.19328
4.21288
4.18264
4.18848
4.18096
4.18552
4.2112
4.18872
4.18144
4.18552
4.17848
4.19056
4.18824
4.19992
4.17552
4.1884
4.18816
4.18976
4.18464
4.19168
4.18768
4.2024
4.17872
4.18096
4.20768
4.17168
4.18744
4.18424
4.1976
4.19736
4.16288
4.186
4.1948
4.20592
4.18864
4.18248
4.17832
4.1796
4.1856
4.18456
4.17936
4.19712
4.19232
4.19296
4.1732
4.19832
4.18064
4.18376
4.2
4.19528
4.17152
4.21272
4.154
4.206
4.18496
4.20416
4.17104
4.20816
4.1828
4.17824
4.18288
4.17064
4.17488
4.19792
4.1952
4.18544
4.19384
4.18616
4.1768
4.20928
4.17824
4.18392
4.19616
4.18384
4.19216
4.1728
4.2052
4.19384
4.18544
4.2008
4.1944
4.18672
4.17424
4.20632
4.17176
4.18504
4.17512
4.19928
4.19336
4.19648
4.18592
4.20872
4.1928
4.18784
4.18368
4.1884
4.1928
4.19456
4.19632
4.19608
4.17656
4.21792
4.21392
4.18264
4.1888
4.1796
4.18336
4.1988
4.17736
4.1784
4.19544
4.18792
4.18392
4.19384
4.21976
4.18552
4.19904
4.19088
4.19896
4.21248
4.21512
4.19488
4.2024
4.18584
4.204
4.2012
4.19824
4.1952
4.18848
4.19216
4.18336
4.18472
4.19912
4.17296
4.18296
4.17968
4.19968
4.18216
4.18144
4.18336
4.17248
4.18336
4.19608
4.174
4.1696
4.19528
4.19744
4.18088
4.19752
4.1852
4.15824
4.19224
4.20088
4.19752
4.1856
4.16256
4.19232
4.1832
4.16104
4.1796
4.19648
4.20752
4.18376
4.19584
4.21584
4.17216
4.1956
4.2024
4.20616
4.21088
4.2012
4.20448
4.17432
4.19888
4.17056
4.18632
4.17392
4.18648
4.2056
4.18528
4.19512
4.19456
4.18176
4.1964
4.18224
4.18344
4.15944
4.17032
4.1892
4.1608
4.18464
4.20664
4.17856
4.18512
4.2
4.20696
4.19232
4.17264
4.18336
4.18592
4.16528
4.17408
4.17296
4.1872
4.18424
4.18696
4.21208
4.16464
4.1968
4.19336
4.17288
4.1988
4.19056
4.1916
4.20224
4.21968
4.18416
4.19016
4.20792
4.19096
4.19584
4.2076
4.17576
4.18432
4.17248
4.1728
4.20008
4.17968
4.16096
4.20312
4.17976
4.20248
4.18144
4.17928
4.21784
4.1896
4.19256
4.19576
4.19928
4.20016
4.20992
4.19568
4.17656
4.18896
4.18872
4.19504
4.2124
4.18
4.19192
4.18328
4.1732
4.17064
4.18752
4.18752
4.20208
4.19568
4.18024
4.18184
4.19152
4.19896
4.17864
4.18328
4.17192
4.1808
4.18344
4.18624
4.20232
4.18944
4.18912
4.19064
4.19456
4.1932
4.1888
4.1772
4.17992
4.17744
4.20616
4.20032
4.19896
4.17096
4.18816
4.17856
4.17408
4.20352
4.18016
4.19016
4.188
4.17344
4.18568
4.1992
4.18392
4.19992
4.19608
4.18272
4.19632
4.18984
4.19968
4.1872
4.1992
4.2076
4.18936
4.184
4.18824
4.21456
4.18584
4.20008
4.17408
4.21056
4.18744
4.17304
4.2012
4.18824
4.19448
4.18
4.17896
4.1788
4.18016
4.19072
4.17848
4.19008
4.17896
4.19936
4.16648
4.17272
4.19984
4.19832
4.18048
4.18264
4.19752
4.20296
4.2024
4.17656
4.19072
4.1908
4.174
4.17976
4.17448
4.20448
4.2116
4.19568
4.1888
4.19216
4.21328
4.19856
4.198
4.1884
4.22336
4.17208
4.16088
4.18048
4.19848
4.17632
4.18376
4.21632
4.20568
4.18936
4.2072
4.1904
4.2
4.16768
4.21368
4.19064
4.20576
4.2084
4.21808
4.174
4.1772
4.17688
4.19136
4.19544
4.18424
4.19736
4.1904
4.18624
4.20864
4.20488
4.19592
4.178
4.17024
4.19144
4.19392
4.18568
4.20896
4.18608
4.2036
4.1936
4.1988
4.19768
4.1908
4.19696
4.17248
4.18408
4.20288
4.20352
4.18504
4.19888
4.18008
4.17888
4.18112
4.20816
4.20176
4.17912
4.18264
4.20704
4.15688
4.17384
4.17576
4.1736
4.19272
4.18512
4.17888
4.18888
4.17528
4.19728
4.19504
4.19456
4.16544
4.19392
4.17592
4.1916
4.17832
4.1808
4.18168
4.1888
4.19032
4.17272
4.212
4.18896
4.18928
4.18568
4.1864
4.184
4.1712
4.17808
4.18824
4.19464
4.16056
4.20224
4.19904
4.1816
4.20728
4.17232
4.17856
4.21392
4.1948
4.18432
4.19376
4.192
4.1776
4.21648
4.17808
4.19952
4.19552
4.17936
4.19248
4.20944
4.17288
4.19504
4.19016
4.20048
4.19792
4.19176
4.16472
4.20352
4.20496
4.18552
4.1876
4.19248
4.17416
4.1872
4.1916
4.17544
4.19072
4.20728
4.2024
4.1836
4.19688
4.19264
4.1732
4.20416
4.18288
4.18064
4.182
4.1748
4.16472
4.1984
4.16664
4.19456
4.20512
4.19448
4.17464
4.1888
4.18264
4.19624
4.18896
4.17696
4.19776
4.2024
4.17048
4.20144
4.18744
4.18232
4.1896
4.19432
4.18496
4.19536
4.18112
4.17136
4.1876
4.19152
4.18808
4.17176
4.19336
4.18376
4.1788
4.20904
4.2044
4.17464
4.18664
4.1672
4.1952
4.18536
4.198
4.1872
4.17584
4.182
4.19992
4.19384
4.18808
4.18704
4.1828
4.18864
4.1924
4.18336
4.2164
4.18336
4.18896
4.18872
4.2056
4.18104
4.18096
4.20424
4.1764
4.19672
4.20456
4.18072
4.1904
4.1868
4.1832
4.21216
4.17848
4.18944
4.18208
4.20128
4.17624
4.1964
4.17072
4.19656
4.16944
4.20616
4.204
4.19192
4.18648
4.17728
4.174
4.19592
4.19376
4.17928
4.18768
4.17664
4.19504
4.1688
4.18624
4.1736
4.21088
4.19072
4.21072
4.19736
4.19304
4.20032
4.19368
4.20192
4.1904
4.18064
4.21544
4.18272
4.20312
4.19624
4.20464
4.18352
4.1744
4.19768
4.21464
4.19336
4.19744
4.19664
4.19528
4.19296
4.18728
4.20352
4.202
4.18264
4.17632
4.17704
4.17968
4.19592
4.19664
4.2028
4.18144
4.19408
4.2248
4.19024
4.1896
4.1964
4.18952
4.1844
4.17248
4.18224
4.17392
4.20136
4.18336
4.17976
4.1568
4.18136
4.18264
4.17024
4.17432
4.182
4.196
4.20344
4.18816
4.20872
4.19256
4.18656
4.18144
4.2088
4.2008
4.18312
4.17576
4.18048
4.18832
4.182
4.18976
4.19552
4.19096
4.19408
4.19568
4.20288
4.17776
4.18576
4.19952
4.18752
4.18296
4.1816
4.188
4.19576
4.20104
4.18152
4.19128
4.19536
4.21032
4.20776
4.17672
4.17328
4.19912
4.19288
4.18944
4.19128
4.16896
4.18752
4.19656
4.19216
4.17448
4.19104
4.19072
4.1756
4.17176
4.18896
4.178
4.17064
4.198
4.22216
4.1744
4.16824
4.1812
4.21264
4.1948
4.18816
4.18248
4.18408
4.168
4.18904
4.15848
4.17648
4.20992
4.1908
4.19152
4.19944
4.2076
4.18888
4.1848
4.21432
4.2096
4.16688
4.20768
4.18816
4.17384
4.16552
4.1852
4.17216
4.20784
4.19208
4.18288
4.18264
4.19304
4.20464
4.19528
4.19296
4.18776
4.18544
4.18176
4.20072
4.19832
4.1948
4.18896
4.17472
4.18704
4.20536
4.17752
4.19112
4.17936
4.18992
4.19424
4.1784
4.16608
4.20672
4.20232
4.19624
4.19608
4.17592
4.19792
4.16464
4.19072
4.176
4.19256
4.19
4.18856
4.18368
4.19008
4.19808
4.17744
4.18232
4.20912
4.17944
4.1868
4.19792
4.19568
4.19592
4.19176
4.1924
4.18968
4.16856
4.1728
4.18248
4.20896
4.18856
4.1728
4.188
4.1752
4.21424
4.17792
4.18904
4.19488
4.17056
4.1848
4.21488
4.1696
4.19736
4.18768
4.17288
4.1896
4.17672
4.18648
4.17392
4.19272
4.18448
4.18784
4.18648
4.1968
4.17448
4.20552
4.19944
4.17784
4.17976
4.1644
4.17728
4.20912
4.17864
4.18504
4.1632
4.20096
4.17816
4.19248
4.20144
4.1792
4.17752
4.18664
4.166
4.1788
4.17776
4.17648
4.186
4.18024
4.20008
4.17864
4.17008
4.2052
4.194
4.20096
4.19888
4.19968
4.1908
4.18208
4.20408
4.20896
4.17376
4.19656
4.19224
4.19096
4.17704
4.19536
4.19016
4.18552
4.20248
4.20152
4.19456
4.17168
4.18672
4.16896
4.20992
4.18536
4.19232
4.1848
4.18432
4.18888
4.20336
4.1912
4.17872
4.19992
4.17496
4.19392
4.19488
4.16432
4.20416
4.188
4.19792
4.18216
4.1872
4.18896
4.20008
4.17824
4.1832
4.1952
4.20024
4.18912
4.19944
4.1728
4.17136
4.19448
4.18784
4.1892
4.19128
4.19496
4.212
4.19448
4.20592
4.18224
4.19136
4.18608
4.1836
4.17832
4.196
4.18136
4.17792
4.1916
4.18408
4.18016
4.19104
4.20464
4.18688
4.19944
4.1916
4.18864
4.20456
4.1756
4.17448
4.19144
4.18088
4.1772
4.1836
4.18968
4.18432
4.18848
4.18632
4.18632
4.19096
4.19728
4.18392
4.18336
4.208
4.21336
4.16456
4.20536
4.19384
4.18752
4.17488
4.17528
4.19384
4.19632
4.18712
4.19448
4.18848
4.18296
4.18648
4.19592
4.20008
4.18688
4.19488
4.20552
4.19552
4.15976
4.17752
4.19416
4.21576
4.18512
4.19256
4.19264
4.19096
4.17936
4.18384
4.1908
4.18264
4.17648
4.1692
4.19016
4.16728
4.1844
4.16064
4.2096
4.18448
4.17072
4.1896
4.18824
4.17904
4.18888
4.1992
4.1808
4.18888
4.19176
4.18368
4.1836
4.2056
4.18296
4.19832
4.18376
4.18464
4.17464
4.19048
4.20544
4.178
4.19128
4.18104
4.19976
4.166
4.18504
4.20432
4.18208
4.1812
4.19168
4.18488
4.19504
4.2068
4.19576
4.19008
4.16328
4.17216
4.17728
4.168
4.2112
4.20056
4.17928
4.20376
4.16912
4.1928
4.21032
4.18136
4.1756
4.1808
4.1788
4.18688
4.19744
4.19144
4.19056
4.2028
4.18176
4.19824
4.17872
4.17248
4.18808
4.18016
4.21928
4.18656
4.18296
4.18768
4.18176
4.17936
4.1992
4.1704
4.18328
4.17488
4.19496
4.18608
4.1884
4.17976
4.19592
4.16992
4.1836
4.18984
4.1868
4.16824
4.20456
4.19784
4.18784
4.17008
4.15168
4.18936
4.17968
4.21112
4.1836
4.18792
4.19456
4.17584
4.17688
4.19408
4.18624
4.17192
4.21168
4.17456
4.19208
4.19328
4.19208
4.19736
4.19864
4.18536
4.19128
4.18424
4.18128
4.19168
4.21168
4.16416
4.1724
4.18144
4.19592
4.20416
4.18712
4.1744
4.18752
4.1904
4.20592
4.17376
4.16312
4.16928
4.1668
4.18952
4.18528
4.17144
4.20336
4.19976
4.19048
4.19568
4.17688
4.16576
4.19112
4.19872
4.19056
4.17904
4.19728
4.18248
4.1772
4.16424
4.1928
4.19304
4.19768
4.1916
4.2092
4.2092
4.1908
4.20984
4.17224
4.17624
4.20256
4.19944
4.21296
4.19824
4.1788
4.20344
4.16936
4.19656
4.19944
4.17976
4.20064
4.19664
4.16368
4.19136
4.19896
4.19408
4.194
4.18248
4.1776
4.18336
4.18976
4.1964
4.178
4.18648
4.18784
4.2012
4.19384
4.196
4.18328
4.182
4.206
4.19648
4.17592
4.1916
4.18912
4.178
4.18592
4.18024
4.1528
4.18648
4.1936
4.18904
4.18672
4.19296
4.17072
4.15816
4.21408
4.17544
4.1812
4.20512
4.21616
4.18712
4.17272
4.18704
4.17264
4.19872
4.21016
4.20152
4.18384
4.16952
4.19752
4.19144
4.1904
4.18448
4.19616
4.17248
4.17936
4.1896
4.19184
4.19184
4.18096
4.20104
4.16856
4.17264
4.18624
4.1992
4.17256
4.18112
4.1972
4.20224
4.20248
4.17024
4.18912
4.16664
4.2068
4.18088
4.20936
4.18688
4.20528
4.18016
4.17256
4.1812
4.17616
4.19144
4.20768
4.18552
4.1892
4.20288
4.19976
4.1784
4.19648
4.18256
4.19456
4.2068
4.18224
4.19096
4.2128
4.18704
4.18416
4.19752
4.18928
4.1816
4.18528
4.18328
4.19816
4.19128
4.18408
4.16152
4.18456
4.1904
4.18768
4.18384
4.1916
4.20568
4.1792
4.1788
4.2056
4.18776
4.19624
4.18752
4.19936
4.18624
4.21632
4.20672
4.16392
4.18272
4.18584
4.19336
4.17008
4.17944
4.19392
4.20328
4.20064
4.17848
4.19176
4.186
4.20176
4.18656
4.1896
4.184
4.19248
4.19104
4.18432
4.18896
4.18928
4.17808
4.18272
4.19328
4.1888
4.1964
4.19632
4.18952
4.19504
4.19024
4.19976
4.18344
4.17168
4.16808
4.194
4.19824
4.1884
4.1696
4.16656
4.20976
4.1732
4.18856
4.18624
4.17336
4.18984
4.18536
4.202
4.17064
4.18768
4.18848
4.21568
4.15792
4.17848
4.18544
4.18952
4.1808
4.19008
4.1908
4.18424
4.17168
4.18448
4.19192
4.1924
4.166
4.17664
4.18496
4.1644
4.2136
4.19744
4.16504
4.18352
4.18768
4.20256
4.20112
4.17752
4.20016
4.19064
4.21512
4.18352
4.19008
4.18056
4.21112
4.1808
4.19344
4.20704
4.16032
4.19312
4.2032
4.20704
4.194
4.19832
4.18704
4.17152
4.2064
4.16464
4.17808
4.20096
4.17848
4.204
4.16392
4.19128
4.20568
4.18672
4.17744
4.20088
4.20736
4.17104
4.16904
4.18024
4.18368
4.18976
4.18656
4.20952
4.19728
4.1964
4.21072
4.17672
4.18208
4.19368
4.20664
4.17696
4.19704
4.2084
4.1864
4.19216
4.20128
4.19624
4.20208
4.19464
4.1692
4.17592
4.21184
4.1876
4.17304
4.20064
4.19232
4.16344
4.18528
4.20096
4.20096
4.164
4.17416
4.16096
4.17816
4.1848
4.17264
4.19936
4.18448
4.18216
4.16768
4.20576
4.1664
4.17192
4.17488
4.19944
4.19064
4.20144
4.20296
4.18864
4.18168
4.18808
4.20072
4.20624
4.19944
4.20648
4.1896
4.17184
4.18856
4.17112
4.20336
4.19616
4.19424
4.20712
4.19288
4.18672
4.1984
4.17792
4.19656
4.19416
4.17688
4.18624
4.20072
4.19008
4.19848
4.19896
4.18544
4.1776
4.20176
4.15976
4.21624
4.18376
4.16784
4.18712
4.18848
4.1828
4.19536
4.18392
4.19168
4.19368
4.1896
4.16672
4.20448
4.19616
4.18736
4.19136
4.17136
4.17768
4.16376
4.18
4.19256
4.1896
4.19848
4.23096
4.20392
4.18512
4.18096
4.2024
4.21096
4.1684
4.18632
4.18664
4.19752
4.18736
4.17936
4.20824
4.18816
4.17528
4.17688
4.16544
4.18928
4.19296
4.17944
4.21376
4.17736
4.19408
4.17696
4.18848
4.19176
4.18584
4.19984
4.2092
4.18976
4.20368
4.18968
4.1888
4.20904
4.20064
4.21392
4.17944
4.1612
4.16808
4.2112
4.21136
4.19032
4.17456
4.19448
4.17824
4.18752
4.2008
4.19168
4.17776
4.17912
4.18704
4.20464
4.21656
4.19568
4.1572
4.19152
4.17544
4.20168
4.17736
4.18008
4.16496
4.20328
4.18304
4.1544
4.19984
4.19848
4.15272
4.18136
4.18776
4.17288
4.20016
4.21032
4.18768
4.1908
4.19224
4.20416
4.18904
4.194
4.1964
4.19176
4.20528
4.17192
4.19872
4.19032
4.17144
4.18336
4.20704
4.18912
4.19152
4.17336
4.16664
4.19152
4.19904
4.1984
4.19008
4.18608
4.18936
4.20544
4.19704
4.19536
4.1924
4.19392
4.15864
4.17784
4.18128
4.17744
4.18008
4.21616
4.19376
4.19296
4.19904
4.1804
4.17808
4.19096
4.19296
4.1888
4.18384
4.1972
4.16624
4.19816
4.17968
4.17824
4.20136
4.17648
4.1744
4.2044
4.17536
4.19808
4.18424
4.20336
4.20088
4.18856
4.18088
4.17848
4.18672
4.2092
4.16672
4.21016
4.18224
4.19456
4.18912
4.17152
4.18344
4.19544
4.17984
4.18408
4.15976
4.20832
4.1788
4.1956
4.18424
4.1836
4.20904
4.16528
4.18008
4.16736
4.188
4.20656
4.18032
4.17424
4.188
4.17296
4.19496
4.19968
4.19328
4.19592
4.21256
4.16896
4.1716
4.18024
4.16944
4.19536
4.17864
4.19112
4.1968
4.1924
4.15528
4.17168
4.22848
4.18112
4.17408
4.16544
4.18104
4.1764
4.1876
4.19048
4.17552
4.19264
4.1804
4.18304
4.21016
4.18096
4.16064
4.18352
4.20512
4.19776
4.2132
4.18672
4.166
4.1972
4.18872
4.19384
4.16864
4.17832
4.19112
4.18912
4.1996
4.18152
4.2052
4.18016
4.1912
4.19664
4.2052
4.17336
4.20552
4.1812
4.18344
4.19848
4.18232
4.19936
4.17272
4.18464
4.19016
4.18856
4.20104
4.18512
4.19136
4.18872
4.17608
4.2084
4.17544
4.19608
4.18376
4.18776
4.20968
4.20648
4.18752
4.17856
4.178
4.20144
4.17208
4.17608
4.1892
4.18904
4.18
4.18368
4.18288
4.19032
4.18072
4.19792
4.1792
4.1956
4.1964
4.18024
4.20384
4.18528
4.18928
4.1848
4.19136
4.16976
4.18736
4.19944
4.19448
4.18608
4.17232
4.19096
4.17664
4.17424
4.1952
4.20416
4.16552
4.20232
4.18464
4.15752
4.16216
4.19064
4.14688
4.18064
4.17816
4.2132
4.17064
4.1896
4.21272
4.17304
4.19816
4.18008
4.18664
4.19352
4.18584
4.18376
4.19784
4.17304
4.19832
4.19152
4.19056
4.18984
4.21368
4.1972
4.19888
4.1896
4.1752
4.20576
4.20024
4.17976
4.20488
4.18776
4.20352
4.18888
4.20016
4.19176
4.19952
4.17808
4.18272
4.17184
4.17304
4.16016
4.1864
4.17768
4.18808
4.18408
4.18288
4.19312
4.1868
4.20904
4.17528
4.17544
4.18136
4.18784
4.20648
4.17136
4.20824
4.16888
4.17592
4.19896
4.19184
4.19064
4.16944
4.1712
4.19464
4.1968
4.19416
4.1968
4.18456
4.18832
4.1864
4.20744
4.18472
4.20592
4.18184
4.1668
4.1852
4.22992
4.19112
4.20448
4.18512
4.19728
4.162
4.2
4.18048
4.20696
4.1932
4.21672
4.18136
4.19144
4.20088
4.19512
4.16256
4.1904
4.19008
4.2108
4.19056
4.17656
4.19016
4.20728
4.19176
4.18736
4.1888
4.1944
4.1756
4.1828
4.15992
4.16488
4.18104
4.20088
4.19992
4.20472
4.16744
4.18944
4.1964
4.19728
4.2168
4.16968
4.18872
4.19664
4.17336
4.19168
4.17792
4.20064
4.1856
4.20184
4.18912
4.20576
4.17824
4.2056
4.20704
4.17728
4.2
4.18856
4.19368
4.19136
4.17984
4.17952
4.1708
4.17936
4.18944
4.1972
4.18192
4.17192
4.19456
4.17936
4.19584
4.18936
4.15688
4.16712
4.15888
4.19288
4.16048
4.18824
4.19176
4.1924
4.20824
4.17696
4.17944
4.18096
4.17752
4.17576
4.18392
4.18536
4.18728
4.20808
4.21496
4.172
4.18864
4.16008
4.17056
4.16992
4.17592
4.18904
4.16872
4.17456
4.19928
4.17656
4.2012
4.208
4.20464
4.17056
4.19096
4.1696
4.18256
4.19568
4.20496
4.19248
4.18368
4.17848
4.1716
4.18464
4.21016
4.194
4.19496
4.18672
4.19336
4.18528
4.20152
4.18824
4.18584
4.1884
4.17832
4.19864
4.1812
4.18312
4.20216
4.18552
4.16744
4.1944
4.18944
4.1896
4.18832
4.18656
4.19248
4.1848
4.2012
4.17408
4.1788
4.1852
4.18816
4.19512
4.176
4.1772
4.19256
4.17832
4.17408
4.21168
4.21192
4.18376
4.1908
4.1912
4.18592
4.1832
4.19368
4.18688
4.18104
4.18216
4.17648
4.18512
4.19384
4.19024
4.20192
4.17528
4.1868
4.20536
4.16
4.19352
4.19104
4.18144
4.19472
4.15608
4.17512
4.19056
4.19328
4.19208
4.19144
4.17864
4.16448
4.1936
4.20256
4.18952
4.19744
4.17584
4.19552
4.16376
4.19128
4.182
4.19512
4.18032
4.19936
4.19784
4.20168
4.17576
4.18952
4.18528
4.17488
4.18032
4.19168
4.18424
4.16384
4.19504
4.1888
4.18464
4.16944
4.21064
4.19544
4.202
4.19008
4.17656
4.17816
4.21808
4.20824
4.19776
4.19952
4.17584
4.17592
4.18096
4.21456
4.1816
4.19024
4.15552
4.20896
4.18592
4.18784
4.19256
4.1772
4.18952
4.20416
4.17856
4.15576
4.19888
4.18184
4.18064
4.18264
4.16368
4.18256
4.19752
4.1824
4.16784
4.188
4.17912
4.16296
4.17536
4.2036
4.19136
4.1976
4.18064
4.1916
4.19536
4.19296
4.17232
4.18056
4.18648
4.19312
4.17928
4.1736
4.18416
4.19488
4.19984
4.18304
4.20816
4.19984
4.18088
4.18712
4.19272
4.1916
4.2044
4.18872
4.18776
4.20008
4.19608
4.1932
4.1972
4.17192
4.1808
4.19424
4.21544
4.17872
4.19808
4.20016
4.20232
4.17176
4.2052
4.19848
4.19152
4.19576
4.17368
4.17216
4.18416
4.2044
4.18976
4.1968
4.2132
4.18008
4.1748
4.18856
4.20256
4.20704
4.21672
4.19112
4.18584
4.19512
4.1836
4.1912
4.21248
4.19072
4.18992
4.20072
4.1748
4.18008
4.18264
4.16584
4.18824
4.1796
4.1868
4.18864
4.21008
4.2028
4.1928
4.18656
4.1824
4.18168
4.18448
4.1904
4.15864
4.17656
4.17376
4.19176
4.1776
4.19696
4.2016
4.19376
4.19264
4.18504
4.19504
4.18816
4.1784
4.19472
4.16968
4.19656
4.16592
4.20216
4.18824
4.2236
4.19256
4.20032
4.20864
4.1884
4.18504
4.17096
4.18288
4.17728
4.18128
4.20904
4.18744
4.18632
4.18896
4.19584
4.18048
4.19744
4.19728
4.194
4.19
4.18592
4.194
4.19016
4.18264
4.17552
4.2056
4.17496
4.214
4.18912
4.19096
4.18
4.17792
4.1948
4.20088
4.19728
4.18296
4.1924
4.18344
4.1932
4.18728
4.21608
4.18688
4.17256
4.17936
4.18728
4.19792
4.20232
4.22216
4.1932
4.2052
4.1948
4.17512
4.1896
4.2016
4.1896
4.21488
4.17384
4.20488
4.20024
4.18312
4.18576
4.17048
4.19512
4.20288
4.1984
4.20248
4.19592
4.19184
4.18072
4.19176
4.188
4.17472
4.18976
4.18728
4.20368
4.18728
4.18752
4.16864
4.18832
4.2008
4.22616
4.18008
4.19464
4.18752
4.19888
4.15376
4.19144
4.19096
4.16504
